<?xml version="1.0" encoding="UTF-8" standalone="no"?>
<!-- Created with Inkscape (http://www.inkscape.org/) -->

<svg
   viewBox="0 0 150.00001 100"
   version="1.1"
   id="svg5"
   sodipodi:docname="DualSense.svg"
   inkscape:version="1.1.1 (c3084ef, 2021-09-22)"
   xmlns:inkscape="http://www.inkscape.org/namespaces/inkscape"
   xmlns:sodipodi="http://sodipodi.sourceforge.net/DTD/sodipodi-0.dtd"
   xmlns="http://www.w3.org/2000/svg"
   xmlns:svg="http://www.w3.org/2000/svg">
  <sodipodi:namedview
     id="namedview7"
     pagecolor="#505050"
     bordercolor="#eeeeee"
     borderopacity="1"
     inkscape:pageshadow="0"
     inkscape:pageopacity="0"
     inkscape:pagecheckerboard="0"
     inkscape:document-units="mm"
     showgrid="false"
     showguides="true"
     inkscape:guide-bbox="true"
     units="cm"
     inkscape:lockguides="true"
     inkscape:zoom="2.8413873"
     inkscape:cx="254.10122"
     inkscape:cy="202.01399"
     inkscape:window-width="2138"
     inkscape:window-height="1290"
     inkscape:window-x="651"
     inkscape:window-y="37"
     inkscape:window-maximized="0"
     inkscape:current-layer="layer1">
    <inkscape:grid
       type="xygrid"
       id="grid9" />
    <sodipodi:guide
       position="129.19114,80.000002"
       orientation="0,1"
       id="guide21"
       inkscape:label=""
       inkscape:locked="true"
       inkscape:color="rgb(0,0,255)" />
    <sodipodi:guide
       position="120,100"
       orientation="-1,0"
       id="guide23"
       inkscape:label=""
       inkscape:locked="true"
       inkscape:color="rgb(0,0,255)" />
    <sodipodi:guide
       position="150,20.000001"
       orientation="0,1"
       id="guide25"
       inkscape:label=""
       inkscape:locked="true"
       inkscape:color="rgb(0,0,255)" />
    <sodipodi:guide
       position="30.000001,-1.5039822e-14"
       orientation="-1,0"
       id="guide27"
       inkscape:label=""
       inkscape:locked="true"
       inkscape:color="rgb(0,0,255)" />
  </sodipodi:namedview>
  <defs
     id="defs2" />
  <g
     inkscape:label="Layer 1"
     inkscape:groupmode="layer"
     id="layer1">
    <path
       d="m 73.807313,47.658241 c 0,1.075972 -0.15875,1.305277 -1.058334,1.622777 -1.887361,0.652639 -1.181805,1.728612 1.428751,2.204862 2.434167,0.423333 5.732639,-1.569861 3.545417,-2.151945 -0.47625,-0.123472 -0.740834,-0.47625 -0.740834,-1.005417 0,-0.9525 -1.199444,-1.922639 -2.363611,-1.922639 -0.687917,0 -0.811389,0.176389 -0.811389,1.252362 z m 2.046111,-0.352778 c 0.864306,0.617361 1.058334,1.922639 0.264584,1.922639 -0.282222,0 -0.564445,-0.423334 -0.652639,-0.970139 -0.07056,-0.529167 -0.15875,-0.01764 -0.194028,1.128889 -0.07056,2.663473 -0.776111,2.204861 -1.005417,-0.652639 -0.194027,-2.169584 0.123473,-2.451806 1.5875,-1.42875 z m -2.240139,2.645833 c -0.635,0.705556 -0.635,0.705556 0.03528,0.493889 0.511528,-0.15875 0.564445,-0.141111 0.211667,0.123472 -0.511528,0.352778 -1.816806,0.15875 -1.816806,-0.264583 0,-0.264583 1.340556,-1.005417 1.905,-1.058333 0.176389,0 0.03528,0.299861 -0.335139,0.705555 z m 4.250973,0.105834 c 0,0.15875 -0.493889,0.493889 -1.093611,0.758472 -1.075973,0.440972 -1.11125,0.423333 -1.11125,-0.405695 0,-0.758472 0.141111,-0.846666 1.11125,-0.758472 0.599722,0.05292 1.093611,0.246945 1.093611,0.405695 z"
       id="path69"
       style="fill:#000000;stroke:none;stroke-width:0.0176389" />
    <path
       d="m 48.541604,20.529172 c -0.437929,0.05341 -0.993352,0.149537 -1.228338,0.213624 -0.234986,0.06409 -0.61951,0.149537 -0.854496,0.202943 -0.459292,0.08545 -0.950627,0.256349 -1.51673,0.491335 -0.694278,0.299074 -1.15357,0.502017 -1.313788,0.587466 -0.08545,0.05341 -0.256349,0.149537 -0.373842,0.202943 -0.117493,0.06409 -0.35248,0.202943 -0.53406,0.320436 -0.170899,0.117493 -0.405886,0.245668 -0.502016,0.277711 -0.106812,0.04273 -0.192262,0.07477 -0.192262,0.08545 0,0 -0.07477,0.416567 -0.160218,0.918583 -0.08545,0.502016 -0.160218,0.918583 -0.160218,0.929264 0,0.02136 -0.256349,0.03204 -0.566104,0.03204 -0.459291,0 -0.608828,0.04273 -0.779727,0.234986 -0.181581,0.224306 -0.437929,0.694278 -0.61951,1.15357 -0.03204,0.08545 -0.106812,0.234986 -0.160218,0.320436 -0.05341,0.08545 -0.18158,0.35248 -0.277711,0.587466 -0.106812,0.234986 -0.234986,0.502016 -0.288392,0.587466 -0.04272,0.08545 -0.117494,0.234986 -0.149537,0.320436 -0.03204,0.08545 -0.128175,0.288392 -0.213624,0.44861 -0.08545,0.149537 -0.149537,0.35248 -0.149537,0.43793 0,0.08545 -0.07477,0.213624 -0.160218,0.288392 -0.08545,0.07477 -0.160218,0.245668 -0.160218,0.373842 0,0.128174 -0.07477,0.299074 -0.160218,0.373842 -0.08545,0.07477 -0.160218,0.245668 -0.160218,0.373842 0,0.128174 -0.07477,0.299074 -0.160218,0.373842 -0.08545,0.07477 -0.160218,0.213624 -0.160218,0.309755 0,0.106812 -0.07477,0.277711 -0.160218,0.395204 -0.08545,0.106812 -0.160218,0.288393 -0.160218,0.384523 0,0.09613 -0.07477,0.320436 -0.160218,0.502017 -0.08545,0.18158 -0.234986,0.480654 -0.320436,0.662234 -0.08545,0.181581 -0.160218,0.395205 -0.160218,0.491335 0,0.08545 -0.06409,0.288393 -0.149537,0.43793 -0.170899,0.352479 -0.384523,0.939945 -0.459291,1.303106 -0.03204,0.149537 -0.128175,0.363161 -0.202943,0.480654 -0.08545,0.117493 -0.149537,0.331117 -0.149537,0.480654 0,0.149537 -0.07477,0.363161 -0.160218,0.469973 -0.08545,0.117493 -0.160218,0.341798 -0.160218,0.491335 0,0.149537 -0.07477,0.373842 -0.160218,0.491335 -0.08545,0.106812 -0.160218,0.309755 -0.160218,0.448611 0,0.138855 -0.05341,0.352479 -0.128174,0.480654 -0.06409,0.128174 -0.160218,0.427248 -0.202943,0.662234 -0.04273,0.234986 -0.128175,0.587466 -0.192262,0.769046 -0.06409,0.192262 -0.170899,0.512698 -0.234986,0.694278 -0.06409,0.192262 -0.149537,0.566104 -0.192262,0.833134 -0.04272,0.26703 -0.138855,0.587466 -0.202943,0.71564 -0.07477,0.128175 -0.128174,0.395205 -0.128174,0.587466 -0.01068,0.192262 -0.07477,0.469973 -0.160218,0.61951 -0.08545,0.149537 -0.149537,0.427248 -0.160218,0.61951 0,0.192261 -0.07477,0.523378 -0.160218,0.737002 -0.08545,0.202943 -0.160218,0.544742 -0.160218,0.747684 0,0.202943 -0.05341,0.469973 -0.117493,0.587466 -0.07477,0.128175 -0.160218,0.502017 -0.202943,0.822453 -0.04273,0.331117 -0.128174,0.811771 -0.192262,1.078801 -0.192261,0.811771 -0.36316,1.730354 -0.44861,2.456676 -0.05341,0.384523 -0.138856,0.865177 -0.202943,1.06812 -0.06409,0.202943 -0.117493,0.587466 -0.117493,0.854496 -0.01068,0.26703 -0.07477,0.790409 -0.160218,1.174932 -0.08545,0.384523 -0.160218,1.004033 -0.160218,1.388556 0,0.384523 -0.07477,1.121526 -0.160218,1.655586 -0.224305,1.356512 -0.224305,8.972208 0,9.986922 0.08545,0.384523 0.160218,1.004033 0.160218,1.388556 0,0.384523 0.07477,0.929264 0.160218,1.217657 0.08545,0.288392 0.160218,0.737003 0.160218,0.993351 0,0.256349 0.05341,0.566104 0.117493,0.683597 0.06409,0.117493 0.149537,0.437929 0.202943,0.715641 0.04272,0.277711 0.149537,0.672915 0.213624,0.875858 0.331117,0.929264 0.459292,1.239019 0.544741,1.388556 0.05341,0.08545 0.128175,0.234986 0.160218,0.320436 0.03204,0.08545 0.106812,0.234986 0.160218,0.320436 0.05341,0.08545 0.138856,0.26703 0.202943,0.395204 0.128174,0.299074 2.264414,2.48872 2.424632,2.48872 0.06409,0 0.138856,0.07477 0.181581,0.160218 0.03204,0.08545 0.128174,0.160218 0.202943,0.160218 0.08545,0 0.213624,0.06409 0.277711,0.149537 0.149537,0.18158 0.608828,0.288392 1.452643,0.331117 0.929264,0.04273 2.296458,0.234986 2.723706,0.363161 0.202943,0.06409 0.555422,0.117493 0.769046,0.117493 0.224306,0 0.651554,0.09613 0.961308,0.224305 0.672916,0.26703 0.918584,0.213624 1.260382,-0.288392 0.149537,-0.202943 0.331117,-0.437929 0.395204,-0.523379 0.07477,-0.07477 0.181581,-0.256349 0.245668,-0.395204 0.06409,-0.138856 0.224305,-0.43793 0.373842,-0.672916 0.138856,-0.234986 0.256349,-0.491335 0.26703,-0.566104 0,-0.07477 0.07477,-0.213624 0.160218,-0.299073 0.08545,-0.09613 0.160218,-0.256349 0.160218,-0.35248 0,-0.106812 0.07477,-0.256349 0.160218,-0.331117 0.08545,-0.07477 0.160218,-0.245668 0.160218,-0.373842 0,-0.128174 0.07477,-0.299074 0.160218,-0.373842 0.08545,-0.07477 0.160218,-0.245668 0.160218,-0.373842 0,-0.128174 0.07477,-0.299074 0.160218,-0.373842 0.08545,-0.07477 0.160218,-0.224305 0.160218,-0.320436 0,-0.106812 0.06409,-0.331117 0.149537,-0.502016 0.08545,-0.160218 0.234986,-0.491336 0.331117,-0.726322 0.106812,-0.234986 0.256349,-0.566104 0.331117,-0.726322 0.08545,-0.170899 0.149537,-0.373842 0.149537,-0.44861 0,-0.07477 0.07477,-0.288392 0.160218,-0.469973 0.08545,-0.18158 0.234986,-0.480654 0.320436,-0.662234 0.08545,-0.181581 0.160218,-0.405886 0.160218,-0.502017 0,-0.09613 0.07477,-0.277711 0.160218,-0.384523 0.08545,-0.117493 0.160218,-0.309755 0.160218,-0.427248 0,-0.128174 0.07477,-0.320436 0.160218,-0.427248 0.08545,-0.117493 0.160218,-0.309755 0.160218,-0.427248 0,-0.128174 0.07477,-0.320436 0.160218,-0.427248 0.08545,-0.117493 0.160218,-0.309755 0.160218,-0.427248 0,-0.128174 0.07477,-0.320436 0.160218,-0.427248 0.08545,-0.117493 0.160218,-0.288392 0.160218,-0.395204 0,-0.09613 0.07477,-0.320436 0.160218,-0.480654 0.08545,-0.170899 0.160218,-0.395205 0.160218,-0.491335 0,-0.09613 0.06409,-0.309755 0.149537,-0.480654 0.08545,-0.160218 0.202943,-0.416567 0.256349,-0.566104 0.149536,-0.384523 0.544741,-1.271063 0.747684,-1.708992 0.598147,-1.260382 2.339182,-2.980055 3.599564,-3.55684 0.234986,-0.106812 0.566104,-0.26703 0.726322,-0.352479 0.170899,-0.08545 0.405885,-0.149537 0.53406,-0.149537 0.128174,0 0.469972,-0.07477 0.758365,-0.160218 0.608828,-0.18158 1.591499,-0.213624 1.890572,-0.04272 0.117493,0.06409 0.53406,0.149537 0.929265,0.202943 0.395204,0.05341 0.98267,0.149537 1.303106,0.202943 0.405886,0.08545 1.644905,0.08545 4.058856,0.01068 4.432698,-0.128174 17.282182,-0.128174 21.736242,0.01068 3.546158,0.117493 3.994769,0.08545 5.821254,-0.352479 1.217657,-0.299074 3.02278,-0.05341 4.165668,0.566103 0.08545,0.05341 0.363161,0.192262 0.61951,0.331117 0.950626,0.491336 2.648937,2.339183 3.129591,3.396622 0.08545,0.202943 0.256345,0.566104 0.352475,0.80109 0.10682,0.234986 0.25635,0.566104 0.3418,0.726322 0.0855,0.170899 0.14954,0.384523 0.14954,0.491335 0,0.09613 0.0748,0.277711 0.16022,0.395204 0.0854,0.106812 0.16022,0.299074 0.16022,0.427248 0,0.117493 0.0748,0.309755 0.16021,0.427248 0.0854,0.106812 0.16022,0.299074 0.16022,0.427248 0,0.117493 0.0748,0.309755 0.16022,0.427248 0.0855,0.106812 0.16022,0.320436 0.16022,0.469973 0,0.149537 0.0748,0.363161 0.16022,0.469973 0.0854,0.117493 0.16021,0.309755 0.16021,0.427248 0,0.128174 0.0748,0.320436 0.16022,0.427248 0.0854,0.117493 0.16022,0.299073 0.16022,0.395204 0,0.106812 0.0748,0.331117 0.16022,0.512698 0.0855,0.18158 0.23498,0.480654 0.32043,0.662234 0.0855,0.181581 0.16022,0.395205 0.16022,0.469973 0,0.07477 0.0748,0.288392 0.16022,0.469973 0.0854,0.18158 0.23499,0.480654 0.32044,0.662234 0.0854,0.181581 0.16021,0.395205 0.16021,0.469973 0,0.07477 0.0641,0.277711 0.14954,0.44861 0.0748,0.160218 0.22431,0.480654 0.32044,0.70496 0.58746,1.388556 0.82245,1.922616 0.92926,2.104196 0.0534,0.08545 0.12818,0.234986 0.16022,0.320436 0.0748,0.213624 0.81177,1.676948 0.95063,1.901254 0.75836,1.2497 0.98267,1.452643 1.46332,1.356512 0.19226,-0.04273 0.48065,-0.149537 0.64087,-0.224305 0.16022,-0.08545 0.49134,-0.149537 0.74769,-0.149537 0.25635,0 0.63019,-0.05341 0.83313,-0.117493 0.48065,-0.149537 1.8158,-0.331117 2.56349,-0.35248 0.76904,-0.03204 1.35651,-0.160218 1.50605,-0.341798 0.0641,-0.08545 0.1709,-0.149537 0.2243,-0.149537 0.16022,0 0.9079,-0.61951 1.63423,-1.33515 0.76904,-0.758365 1.43128,-1.623542 1.61286,-2.082834 0.10681,-0.277711 0.38452,-0.897221 0.54474,-1.196294 0.0748,-0.149537 0.13885,-0.395205 0.13885,-0.53406 0.0107,-0.128175 0.0748,-0.363161 0.16022,-0.512698 0.0854,-0.149537 0.14954,-0.416567 0.16022,-0.598147 0,-0.181581 0.0748,-0.544741 0.16022,-0.790409 0.0855,-0.245668 0.16022,-0.651553 0.16022,-0.897221 0,-0.245667 0.0534,-0.608828 0.11749,-0.811771 0.0641,-0.202943 0.16022,-0.875858 0.21362,-1.495368 0.0534,-0.61951 0.13886,-1.367194 0.19226,-1.655586 0.13886,-0.704959 0.13886,-7.167085 0,-8.117712 -0.0534,-0.416567 -0.14953,-1.377875 -0.20294,-2.13624 -0.0534,-0.769046 -0.13885,-1.559455 -0.20294,-1.762398 -0.0641,-0.202943 -0.11749,-0.640872 -0.11749,-0.971989 0,-0.331117 -0.0748,-0.833134 -0.16022,-1.121526 -0.0854,-0.288393 -0.16022,-0.747684 -0.16022,-1.014714 0,-0.277711 -0.0748,-0.704959 -0.16022,-0.950627 -0.0855,-0.245668 -0.16022,-0.640872 -0.16022,-0.875858 0,-0.224306 -0.0748,-0.587466 -0.16021,-0.80109 -0.0854,-0.202943 -0.16022,-0.555423 -0.16022,-0.779728 0,-0.224305 -0.0748,-0.576785 -0.16022,-0.779728 -0.0854,-0.213624 -0.16022,-0.555422 -0.16022,-0.747684 0,-0.202942 -0.0748,-0.544741 -0.16022,-0.747684 -0.0855,-0.213624 -0.16021,-0.512697 -0.16021,-0.672915 0,-0.149537 -0.0641,-0.502017 -0.14954,-0.779728 -0.19226,-0.619509 -0.37384,-1.33515 -0.48065,-1.879891 -0.0427,-0.234986 -0.13886,-0.53406 -0.20295,-0.662234 -0.0748,-0.128175 -0.12817,-0.363161 -0.12817,-0.53406 -0.0107,-0.160218 -0.0748,-0.416567 -0.16022,-0.566104 -0.0855,-0.149537 -0.16022,-0.416567 -0.16022,-0.587466 0,-0.18158 -0.0748,-0.416567 -0.16022,-0.523379 -0.0854,-0.117493 -0.16021,-0.331117 -0.16021,-0.480654 -0.0107,-0.149537 -0.0748,-0.395204 -0.16022,-0.544741 -0.0854,-0.149537 -0.16022,-0.384523 -0.16022,-0.53406 0,-0.149537 -0.0748,-0.363161 -0.16022,-0.469973 -0.0854,-0.117493 -0.16022,-0.331117 -0.16022,-0.480654 0,-0.149537 -0.0748,-0.373842 -0.16021,-0.480654 -0.0855,-0.117493 -0.16022,-0.309755 -0.16022,-0.437929 0,-0.128174 -0.0748,-0.320436 -0.16022,-0.437929 -0.0855,-0.106812 -0.16022,-0.320436 -0.16022,-0.469973 0,-0.149537 -0.0748,-0.363161 -0.16022,-0.469973 -0.0854,-0.117493 -0.16021,-0.299073 -0.16021,-0.395204 0,-0.106812 -0.0748,-0.331117 -0.16022,-0.512698 -0.0854,-0.18158 -0.23499,-0.480654 -0.32044,-0.662234 -0.0855,-0.181581 -0.16022,-0.416567 -0.16022,-0.523379 0,-0.09613 -0.0748,-0.245668 -0.16021,-0.320436 -0.0855,-0.07477 -0.16022,-0.234986 -0.16022,-0.363161 0,-0.117493 -0.0748,-0.320436 -0.16022,-0.427248 -0.0854,-0.117493 -0.16022,-0.288392 -0.16022,-0.395204 0,-0.09613 -0.0748,-0.234987 -0.16022,-0.309755 -0.0855,-0.07477 -0.16021,-0.245668 -0.16021,-0.373842 0,-0.128174 -0.0748,-0.299074 -0.16022,-0.373842 -0.0855,-0.07477 -0.16022,-0.192262 -0.16022,-0.26703 0,-0.08545 -0.0641,-0.277711 -0.14954,-0.44861 -0.3952,-0.769047 -0.81177,-1.698311 -0.81177,-1.805123 0,-0.07477 -0.0748,-0.181581 -0.16022,-0.256349 -0.0855,-0.07477 -0.16021,-0.213624 -0.16021,-0.320436 0,-0.106812 -0.0748,-0.245668 -0.16022,-0.320436 -0.0854,-0.07477 -0.16022,-0.213624 -0.16022,-0.320436 0,-0.09613 -0.10681,-0.309755 -0.24567,-0.459292 -0.20294,-0.245667 -0.33111,-0.288392 -0.79041,-0.288392 -0.52338,0 -0.55542,-0.01068 -0.66223,-0.35248 -0.0534,-0.18158 -0.13886,-0.587466 -0.18158,-0.875858 -0.0641,-0.523379 -0.42725,-1.004033 -0.74769,-1.014714 -0.0641,0 -0.18158,-0.07477 -0.25634,-0.160218 -0.0748,-0.08545 -0.21363,-0.160218 -0.32044,-0.160218 -0.10681,0 -0.24567,-0.07477 -0.32044,-0.160218 -0.0748,-0.08545 -0.21362,-0.160218 -0.32043,-0.160218 -0.10681,0 -0.24567,-0.07477 -0.32044,-0.160218 -0.0748,-0.08545 -0.23498,-0.160218 -0.36316,-0.160218 -0.11749,0 -0.32043,-0.07477 -0.42725,-0.160218 -0.11749,-0.08545 -0.30975,-0.160218 -0.43793,-0.160218 -0.12817,0 -0.32043,-0.07477 -0.43793,-0.160218 -0.10681,-0.08545 -0.33111,-0.160218 -0.49133,-0.160218 -0.16022,0 -0.48065,-0.06409 -0.69428,-0.149537 -0.80109,-0.299073 -2.93733,-0.405885 -4.891988,-0.234986 -1.2497,0.117493 -1.548774,0.256349 -1.548774,0.758365 0,0.192262 -0.03204,0.566104 -0.06409,0.822452 l -0.06409,0.491336 -0.555423,0.05341 c -0.299073,0.03204 -0.587466,0.01068 -0.651553,-0.04273 -0.05341,-0.05341 -0.256349,-0.09613 -0.437929,-0.09613 -0.192262,0 -0.480654,-0.05341 -0.651553,-0.128174 -0.160218,-0.06409 -0.758366,-0.160218 -1.313788,-0.202943 -0.555422,-0.04273 -1.2497,-0.128175 -1.548774,-0.192262 -1.388556,-0.288392 -2.542126,-0.437929 -3.503434,-0.437929 -0.576784,0 -1.634223,-0.06409 -2.349864,-0.149537 -1.153569,-0.138855 -7.914769,-0.341798 -10.649156,-0.320436 -3.984088,0.02136 -9.314006,0.192262 -10.360764,0.320436 -0.672916,0.08545 -1.730354,0.149537 -2.349864,0.149537 -1.025395,0 -1.612861,0.07477 -3.47139,0.427248 -0.35248,0.07477 -1.06812,0.160218 -1.60218,0.202943 -0.523379,0.05341 -1.292425,0.170899 -1.708992,0.277711 -0.833134,0.202943 -1.773079,0.213624 -1.890572,0.02136 -0.04273,-0.07477 -0.08545,-0.437929 -0.08545,-0.822452 -0.01068,-0.907902 -0.149537,-1.014714 -1.441962,-1.110845 -1.879891,-0.138855 -2.787793,-0.149537 -3.578202,-0.05341 z m 2.349864,0.833134 c 0,0.149537 -0.299074,0.224305 -0.897221,0.224305 -0.320436,0 -0.640872,0.06409 -0.769046,0.160218 -0.106812,0.08545 -0.437929,0.160218 -0.737003,0.160218 -0.288392,0.01068 -0.726322,0.07477 -0.961308,0.160218 -0.234986,0.08545 -0.662234,0.160218 -0.961308,0.160218 -0.288392,0 -0.651553,0.07477 -0.80109,0.160218 -0.299074,0.170899 -1.06812,0.213624 -1.06812,0.05341 0,-0.05341 0.128174,-0.128174 0.299074,-0.160218 0.160218,-0.03204 0.437929,-0.128174 0.608828,-0.213624 0.18158,-0.07477 0.587466,-0.192262 0.907902,-0.256349 0.918583,-0.170899 1.730354,-0.341798 2.082834,-0.437929 0.44861,-0.117493 2.296458,-0.128174 2.296458,-0.01068 z m 1.879891,0.02136 c 0.03204,0.06409 0.09613,0.363161 0.138856,0.672916 0.05341,0.480654 0.09613,0.544741 0.331117,0.576785 0.256349,0.03204 0.854496,0.71564 0.854496,0.971989 0,0.160218 0.35248,0.149537 0.512698,-0.01068 0.09613,-0.09613 0.138855,-0.07477 0.192261,0.05341 0.09613,0.256348 0.363161,0.224305 0.363161,-0.03204 0,-0.256349 -0.01068,-0.256349 0.427248,-0.04273 0.288392,0.149537 0.363161,0.149537 0.437929,0.03204 0.149537,-0.234987 0.117493,-0.288393 -0.192261,-0.331117 -0.480654,-0.05341 -0.341799,-0.234987 0.288392,-0.373842 0.320436,-0.06409 0.790409,-0.181581 1.046758,-0.245668 0.256348,-0.06409 0.502016,-0.08545 0.566103,-0.05341 0.170899,0.106812 0.106812,0.26703 -0.106812,0.26703 -0.288392,0 -0.865177,0.726322 -0.865177,1.089482 0,0.1709 -0.09613,0.384524 -0.213624,0.480654 -0.128174,0.117494 -0.213624,0.320436 -0.213624,0.53406 0,0.35248 0.18158,0.576785 0.26703,0.331118 0.224305,-0.651554 0.427248,-0.993352 0.779728,-1.303107 0.128174,-0.128174 0.320436,-0.384523 0.427248,-0.587466 0.09613,-0.202943 0.256348,-0.405885 0.341798,-0.44861 0.18158,-0.08545 2.200327,-0.395205 3.129592,-0.469973 0.331117,-0.03204 0.886539,-0.07477 1.228338,-0.106812 0.331117,-0.03204 0.875858,-0.07477 1.196294,-0.106812 1.858529,-0.18158 7.818638,-0.373842 11.74932,-0.373842 4.763815,0 8.352698,0.138856 11.695914,0.437929 4.550191,0.405886 4.934714,0.469973 5.180382,0.758365 0.117493,0.138856 0.202943,0.320436 0.213624,0.405886 0,0.08545 0.160218,0.299074 0.363161,0.469973 0.202943,0.160218 0.395204,0.416567 0.427248,0.555422 0.06409,0.256349 0.213624,0.331117 0.320436,0.160218 0.106812,-0.160218 -0.256349,-1.33515 -0.480654,-1.580817 -0.128175,-0.128175 -0.35248,-0.256349 -0.502017,-0.299074 -0.256348,-0.06409 -0.26703,-0.08545 -0.09613,-0.18158 0.138855,-0.07477 0.384523,-0.04272 0.89722,0.117493 0.395205,0.128174 0.843815,0.224305 1.014714,0.224305 0.234987,0 0.309755,0.04273 0.288393,0.18158 -0.01068,0.106812 0.01068,0.277712 0.06409,0.373842 0.04273,0.106812 0.05341,0.256349 0.02136,0.331118 -0.02136,0.07477 0.06409,0.192261 0.202943,0.256348 0.234987,0.106812 0.256349,0.09613 0.256349,-0.138855 0,-0.234987 0.04273,-0.256349 0.566104,-0.256349 0.619509,0 0.769046,-0.06409 0.608828,-0.26703 -0.08545,-0.09613 -0.06409,-0.149537 0.05341,-0.202943 0.08545,-0.03204 0.160218,-0.170899 0.160218,-0.320436 0,-0.224305 0.06409,-0.26703 0.61951,-0.341798 l 0.608828,-0.09613 V 22.10999 c 0.01068,-0.405886 0.224305,-0.779728 0.384523,-0.672916 0.05341,0.03204 0.09613,0.288393 0.09613,0.566104 0,0.331117 0.05341,0.566103 0.160218,0.651553 0.08545,0.06409 0.576785,0.170899 1.089482,0.213624 0.512698,0.05341 1.110838,0.138856 1.313788,0.202943 0.20294,0.06409 0.58746,0.117493 0.85449,0.117493 0.26703,0 0.67292,0.07477 0.9079,0.160218 0.23499,0.08545 0.61951,0.149537 0.8545,0.160218 0.23499,0 0.61951,0.07477 0.8545,0.160218 0.23498,0.08545 0.59814,0.149537 0.80109,0.160218 0.20294,0 0.46997,0.07477 0.57678,0.160218 0.11749,0.08545 0.37384,0.160218 0.57679,0.160218 h 0.37384 l -0.0748,-0.512698 c -0.0748,-0.619509 0.032,-0.822452 0.3952,-0.726321 0.27771,0.06409 0.39521,0.384523 0.39521,1.089482 0,0.277711 0.0748,0.405886 0.40588,0.640872 0.21363,0.160218 0.60883,0.555423 0.87586,0.875859 0.26703,0.320436 0.59815,0.704959 0.74769,0.865177 0.26703,0.288392 1.70899,3.022779 2.04011,3.855913 0.0961,0.26703 0.36316,0.88654 0.57678,1.388556 0.48065,1.089482 1.37787,3.546158 1.92262,5.233788 0.21362,0.672916 0.55542,1.708992 0.74768,2.296458 0.19226,0.587466 0.40589,1.33515 0.46997,1.655586 0.0748,0.320436 0.22431,0.950627 0.33112,1.388556 0.32044,1.239019 0.8545,3.695695 1.18561,5.447412 0.0641,0.320436 0.16022,0.779728 0.22431,1.014714 0.0641,0.234986 0.12817,0.694278 0.13885,1.014714 0.0214,0.320436 0.0641,0.662234 0.0854,0.747684 0.032,0.08545 0.0854,0.373842 0.12818,0.640872 0.032,0.26703 0.13885,0.88654 0.2243,1.388556 0.0748,0.502016 0.1709,1.121526 0.19226,1.388556 0.0214,0.26703 0.0748,0.747684 0.10682,1.06812 0.0427,0.320436 0.11749,1.399237 0.18158,2.40327 0.0641,0.993352 0.12817,2.008066 0.14953,2.243052 0.0748,0.822452 0.0427,4.571554 -0.032,4.689047 -0.032,0.06409 -0.0748,0.234986 -0.0855,0.384523 -0.0214,0.608828 -0.37384,3.695695 -0.43793,3.845232 -0.0427,0.08545 -0.13885,0.491335 -0.21362,0.907902 -0.0748,0.405886 -0.16022,0.865177 -0.19226,1.014714 -0.0214,0.149537 -0.0855,0.502016 -0.13886,0.80109 -0.14954,0.822452 -0.43793,1.730354 -0.60883,1.86921 -0.0854,0.07477 -0.16022,0.213624 -0.16022,0.309755 0,0.09613 -0.0641,0.277711 -0.13885,0.395204 -0.45929,0.80109 -2.20033,2.713025 -2.45668,2.713025 -0.0855,0 -0.28839,0.117493 -0.45929,0.26703 -0.1709,0.149537 -0.3952,0.26703 -0.50202,0.26703 -0.10681,0 -0.27771,0.04272 -0.37384,0.09613 -0.0961,0.05341 -0.3952,0.128174 -0.66223,0.170899 -0.42725,0.06409 -0.52338,0.03204 -0.77973,-0.202943 -0.35248,-0.331117 -0.3952,-0.341798 -0.3952,-0.07477 0,0.363161 -0.27772,0.459291 -1.81581,0.598147 -0.26703,0.02136 -0.60883,0.07477 -0.75836,0.106812 -0.21363,0.05341 -0.3418,0.01068 -0.52338,-0.18158 -0.40589,-0.427248 -0.96131,-1.356513 -0.89722,-1.516731 0.032,-0.07477 -0.032,-0.224305 -0.12818,-0.331117 -0.10681,-0.09613 -0.2243,-0.427248 -0.26703,-0.71564 -0.0534,-0.299074 -0.21362,-0.737003 -0.36316,-0.97199 -0.16022,-0.224305 -0.3418,-0.694278 -0.40588,-1.036076 -0.0748,-0.331117 -0.18158,-0.672916 -0.23499,-0.758365 -0.24567,-0.341799 -1.01471,-2.200327 -1.01471,-2.445995 0,-0.08545 -0.0961,-0.299074 -0.21363,-0.480654 -0.11749,-0.170899 -0.25635,-0.566104 -0.32043,-0.875858 -0.0641,-0.299074 -0.18158,-0.608829 -0.26703,-0.672916 -0.0855,-0.07477 -0.18158,-0.299074 -0.22431,-0.523379 -0.0427,-0.213624 -0.16022,-0.555422 -0.26703,-0.758365 -0.37384,-0.726322 -1.05744,-2.200327 -1.05744,-2.275096 0,-0.04272 -0.13885,-0.395204 -0.32043,-0.769046 -0.1709,-0.373842 -0.32044,-0.71564 -0.32044,-0.747684 0,-0.07477 -0.5661,-0.971989 -1.11084,-1.762398 -0.181581,-0.26703 -0.758366,-0.907902 -1.281745,-1.4206 -0.833133,-0.822452 -1.110845,-1.014714 -2.13624,-1.506049 -0.651553,-0.320436 -1.356512,-0.630191 -1.559455,-0.694278 -0.213624,-0.06409 -1.078801,-0.128174 -1.922616,-0.128174 -1.217657,-0.02136 -1.655586,0.02136 -2.018747,0.160218 -0.576785,0.213624 -2.125559,0.288392 -3.407303,0.170899 -0.726321,-0.06409 -1.036076,-0.05341 -1.441962,0.07477 -0.469972,0.149537 -0.576784,0.149537 -1.281744,-0.02136 -0.469972,-0.117493 -1.100163,-0.18158 -1.623542,-0.170899 -1.313788,0.03204 -1.794442,0.04272 -2.029428,0.03204 -0.117493,-0.01068 -1.345831,0.01068 -2.723706,0.05341 -2.980055,0.07477 -3.92,0.07477 -5.981472,-0.01068 -0.854496,-0.03204 -1.78376,-0.05341 -2.082834,-0.05341 -4.069537,0.05341 -5.233788,0.08545 -5.810573,0.149537 -0.480654,0.05341 -0.758365,0.03204 -0.939945,-0.06409 -0.192262,-0.106812 -0.363161,-0.106812 -0.70496,-0.02136 -0.608828,0.149537 -3.086866,0.06409 -3.759782,-0.138855 -0.288392,-0.08545 -0.769046,-0.213624 -1.06812,-0.26703 -0.288392,-0.06409 -0.662234,-0.138856 -0.822452,-0.170899 -0.245668,-0.04273 -0.309755,-0.01068 -0.384524,0.192261 -0.09613,0.234987 -0.128174,0.245668 -1.132207,0.213624 -0.683597,-0.02136 -1.089482,0.01068 -1.185613,0.09613 -0.08545,0.07477 -0.213624,0.106812 -0.288392,0.08545 -0.07477,-0.03204 -0.192262,0 -0.26703,0.06409 -0.363161,0.320436 -0.459292,0.384523 -0.61951,0.384523 -0.213624,0 -0.630191,0.277711 -1.174932,0.769046 -0.234986,0.224306 -0.469973,0.405886 -0.512698,0.405886 -0.106812,0 -1.228338,1.196294 -1.708992,1.826485 -0.202942,0.26703 -0.651553,1.014714 -0.98267,1.655586 -0.341798,0.640872 -0.651553,1.206976 -0.694278,1.271063 -0.05341,0.05341 -0.117493,0.299074 -0.160218,0.53406 -0.04272,0.234986 -0.170899,0.523379 -0.26703,0.640872 -0.106812,0.117493 -0.234986,0.35248 -0.277711,0.53406 -0.04272,0.170899 -0.160218,0.491335 -0.277711,0.694278 -0.106812,0.202943 -0.192262,0.469973 -0.192262,0.598147 0,0.117493 -0.138856,0.502017 -0.309755,0.854496 -0.160218,0.341799 -0.459291,1.014714 -0.651553,1.484687 -0.192262,0.469973 -0.416567,1.004033 -0.491335,1.196294 -0.08545,0.181581 -0.149537,0.395205 -0.149537,0.480654 0,0.08545 -0.117493,0.309755 -0.26703,0.512698 -0.149537,0.202943 -0.26703,0.437929 -0.26703,0.53406 0,0.192262 -0.363161,1.2497 -0.459292,1.356512 -0.04272,0.03204 -0.07477,0.149537 -0.07477,0.256349 0,0.09613 -0.138856,0.469973 -0.299074,0.811771 -0.170899,0.341799 -0.36316,0.854496 -0.437929,1.15357 -0.07477,0.288392 -0.192261,0.608828 -0.277711,0.694278 -0.07477,0.08545 -0.202943,0.373842 -0.288392,0.630191 -0.160218,0.544741 -0.61951,0.971989 -1.046758,0.971989 -0.672916,0 -1.965341,-0.320436 -2.211008,-0.555422 -0.256349,-0.234987 -0.331118,-0.662235 -0.138856,-0.779728 0.06409,-0.03204 0.106812,-0.213624 0.106812,-0.384523 0,-0.192262 -0.04273,-0.299074 -0.106812,-0.256349 -0.05341,0.03204 -0.106812,0.202943 -0.106812,0.384523 0,0.170899 -0.04272,0.309755 -0.106812,0.309755 -0.05341,0 -0.170899,0.138856 -0.256349,0.299074 -0.08545,0.160218 -0.331117,0.395204 -0.544741,0.502016 -0.363161,0.202943 -0.395204,0.202943 -0.704959,0.02136 -0.181581,-0.09613 -0.405886,-0.18158 -0.502017,-0.18158 -0.18158,0 -0.737002,-0.331117 -1.559455,-0.929264 -0.608828,-0.43793 -1.345831,-1.228338 -1.345831,-1.452644 0,-0.09613 -0.06409,-0.18158 -0.138856,-0.18158 -0.128174,0 -0.384523,-0.405886 -1.014714,-1.60218 -0.352479,-0.672916 -0.843814,-2.595532 -1.025395,-4.00545 -0.245667,-1.879891 -0.395204,-3.791826 -0.427248,-5.60763 -0.05341,-2.542126 0.09613,-7.402072 0.256349,-8.491554 0.06409,-0.416567 0.18158,-1.281744 0.26703,-1.922616 0.08545,-0.651553 0.224305,-1.559455 0.320436,-2.029428 0.08545,-0.469973 0.234986,-1.313788 0.309755,-1.86921 0.213624,-1.409918 0.395204,-2.275096 0.502016,-2.40327 0.05341,-0.05341 0.09613,-0.224305 0.09613,-0.384523 0,-0.149537 0.06409,-0.480654 0.149537,-0.715641 0.08545,-0.234986 0.128174,-0.459291 0.09613,-0.491335 -0.08545,-0.08545 0.18158,-1.239019 0.341798,-1.506049 0.07477,-0.117493 0.160218,-0.384523 0.192262,-0.587466 0.09613,-0.672916 0.373842,-1.794442 0.491335,-2.018747 0.06409,-0.117493 0.117493,-0.331117 0.117493,-0.469973 0,-0.405885 1.377875,-4.646322 2.13624,-6.536894 0.18158,-0.469973 0.373842,-1.004033 0.427248,-1.174932 0.07477,-0.309755 0.26703,-0.769046 1.100164,-2.6703 0.619509,-1.441962 1.69831,-3.47139 1.943978,-3.663652 0.117493,-0.09613 0.256349,-0.256348 0.299074,-0.341798 0.234986,-0.512698 1.046757,-1.452643 1.313787,-1.538093 0.170899,-0.05341 0.502017,-0.18158 0.737003,-0.288392 0.234986,-0.09613 0.598147,-0.202943 0.80109,-0.234987 0.843815,-0.117493 1.751717,-0.309754 1.933297,-0.395204 0.106812,-0.06409 0.384523,-0.106812 0.630191,-0.106812 0.234986,0 0.608828,-0.07477 0.822452,-0.160218 0.202943,-0.08545 0.576785,-0.160218 0.822453,-0.160218 0.245667,0 0.726321,-0.07477 1.057439,-0.160218 0.341798,-0.08545 0.822452,-0.160218 1.078801,-0.160218 0.587466,0 1.676948,-0.202943 1.847847,-0.341798 0.09613,-0.07477 0.117494,-0.256349 0.07477,-0.523379 -0.09613,-0.587466 0.117493,-0.982671 0.341798,-0.61951 z m 48.877171,-0.01068 c 0.25635,0.05341 0.72632,0.149537 1.04676,0.202943 1.2497,0.224305 1.77308,0.352479 1.99738,0.502016 0.12818,0.08545 0.33112,0.149537 0.44861,0.149537 0.29908,0 0.55543,0.117493 0.48066,0.224305 -0.0854,0.149537 -0.72632,0.106812 -0.96131,-0.06409 -0.11749,-0.09613 -0.45929,-0.160218 -0.84382,-0.160218 -0.35248,0 -0.75836,-0.07477 -0.9079,-0.160218 -0.14953,-0.08545 -0.53406,-0.149537 -0.86518,-0.160218 -0.33111,0 -0.74768,-0.07477 -0.9079,-0.160218 -0.1709,-0.08545 -0.55542,-0.160218 -0.86517,-0.160218 -0.619514,0 -0.918588,-0.08545 -0.822457,-0.224305 0.07477,-0.128175 1.634227,-0.128175 2.200327,0.01068 z m -57.272594,1.666267 c 0,0.480654 -0.160218,0.790409 -0.416567,0.790409 -0.245667,0 -0.331117,-0.18158 -0.256349,-0.598147 0.07477,-0.395205 0.224306,-0.576785 0.469973,-0.576785 0.160218,0 0.202943,0.07477 0.202943,0.384523 z"
       id="path860" />
    <path
       d="m 54.629888,24.150099 c 0,0.117493 0.05341,0.213624 0.106812,0.213624 0.06409,0 0.106812,-0.09613 0.106812,-0.213624 0,-0.117493 -0.04272,-0.213624 -0.106812,-0.213624 -0.05341,0 -0.106812,0.09613 -0.106812,0.213624 z"
       id="path862" />
    <path
       d="m 95.85932,25.292987 c -0.202943,0.03204 -0.459292,0.138856 -0.566104,0.256349 -0.106812,0.106812 -0.224305,0.202943 -0.26703,0.202943 -0.160218,0 -0.469972,0.843815 -0.480654,1.356512 -0.01068,0.288393 -0.08545,0.61951 -0.170899,0.715641 -0.08545,0.09613 -0.149537,0.384523 -0.149537,0.640872 0,0.576785 0.331118,1.057439 0.950627,1.356512 l 0.459292,0.213624 0.416567,-0.234986 c 0.502016,-0.288393 0.875858,-0.907902 0.875858,-1.452643 0,-0.224306 0.07477,-0.502017 0.160218,-0.608829 0.106812,-0.138855 0.160218,-0.459291 0.160218,-0.875858 0,-0.683597 -0.09613,-0.875859 -0.555422,-1.121526 -0.117494,-0.06409 -0.181581,-0.181581 -0.149537,-0.256349 0.04273,-0.106812 -0.213624,-0.331117 -0.288393,-0.245668 -0.01068,0 -0.192261,0.03204 -0.395204,0.05341 z m 0.726322,0.715641 c 0.18158,0.202943 0.234986,0.373842 0.234986,0.822452 -0.01068,0.320436 -0.07477,0.694278 -0.160218,0.843815 -0.08545,0.149537 -0.149537,0.459292 -0.160218,0.704959 0,0.833134 -0.929264,1.249701 -1.623542,0.737003 -0.245668,-0.18158 -0.288393,-0.299074 -0.299074,-0.704959 0,-0.320436 0.06409,-0.544741 0.160218,-0.630191 0.106812,-0.08545 0.160218,-0.331117 0.160218,-0.71564 0,-0.405886 0.04273,-0.587466 0.160218,-0.630191 0.08545,-0.04273 0.160218,-0.117493 0.160218,-0.181581 0,-0.06409 0.07477,-0.202942 0.18158,-0.309754 0.256349,-0.288393 0.875859,-0.256349 1.185614,0.06409 z"
       id="path864" />
    <path
       d="m 53.519043,25.688192 c -0.170899,0.170899 -0.341798,0.437929 -0.384523,0.587466 -0.106812,0.384523 0.08545,1.837166 0.26703,2.040109 0.08545,0.09613 0.160218,0.320436 0.160218,0.502016 0,0.35248 0.61951,1.089483 0.939946,1.110845 0.427248,0.03204 1.078801,-0.202943 1.271062,-0.459291 0.213624,-0.288393 0.384524,-1.036077 0.277712,-1.174932 -0.06409,-0.07477 -0.149537,-0.43793 -0.192262,-0.811772 -0.04273,-0.36316 -0.117493,-0.694278 -0.170899,-0.726321 -0.05341,-0.03204 -0.09613,-0.170899 -0.09613,-0.320436 0,-0.160218 -0.160218,-0.427248 -0.395204,-0.683597 -0.363161,-0.363161 -0.459292,-0.405886 -0.88654,-0.405886 -0.384523,0.01068 -0.544741,0.07477 -0.790409,0.341799 z m 1.399237,0.352479 c 0.138856,0.149537 0.245668,0.35248 0.245668,0.448611 0,0.09613 0.07477,0.26703 0.160218,0.373842 0.09613,0.117493 0.160218,0.437929 0.160218,0.726321 0,0.288393 0.06409,0.608829 0.128174,0.726322 0.288393,0.459292 -0.469972,1.15357 -1.089482,1.014714 -0.416567,-0.08545 -0.640872,-0.320436 -0.640872,-0.640872 0,-0.138856 -0.06409,-0.299074 -0.149537,-0.341798 -0.117493,-0.06409 -0.160218,-0.341799 -0.18158,-1.057439 -0.02136,-0.811771 0.01068,-1.014714 0.18158,-1.249701 0.288393,-0.395204 0.854496,-0.395204 1.185613,0 z"
       id="path866" />
    <path
       d="m 57.535174,26.393151 c 0,0.202943 0.02136,0.288392 0.05341,0.18158 0.02136,-0.09613 0.02136,-0.26703 0,-0.373842 -0.03204,-0.09613 -0.05341,-0.01068 -0.05341,0.192262 z"
       id="path868" />
    <path
       d="m 92.47338,26.254295 c -0.07477,0.128175 -0.138856,0.363161 -0.138856,0.53406 0,0.160218 -0.05341,0.469973 -0.117493,0.672916 -0.06409,0.202943 -0.149537,0.566104 -0.202943,0.80109 -0.04273,0.234986 -0.128174,0.640872 -0.192262,0.907902 -0.06409,0.26703 -0.192261,0.865177 -0.288392,1.33515 -0.09613,0.469973 -0.245668,1.078801 -0.331117,1.345831 -0.08545,0.277711 -0.149537,0.640872 -0.149537,0.80109 0,0.170899 -0.06409,0.523379 -0.149537,0.790409 -0.170899,0.53406 -0.352479,1.367194 -0.491335,2.243052 -0.288392,1.86921 -1.100164,3.065504 -2.6703,3.930682 -0.149537,0.08545 -0.608828,0.234986 -1.025395,0.341798 -0.704959,0.170899 -1.580818,0.192262 -11.578421,0.192262 -9.96556,0 -10.86278,-0.01068 -11.56774,-0.192262 -0.427248,-0.09613 -0.939945,-0.288392 -1.142888,-0.416567 -0.202943,-0.117493 -0.44861,-0.256349 -0.53406,-0.299073 -0.256349,-0.117494 -1.260382,-1.174932 -1.33515,-1.409919 -0.03204,-0.128174 -0.117493,-0.224305 -0.170899,-0.224305 -0.05341,0 -0.09613,-0.106812 -0.09613,-0.245668 0,-0.138855 -0.07477,-0.341798 -0.160218,-0.459291 -0.08545,-0.106812 -0.160218,-0.395205 -0.160218,-0.630191 0,-0.234986 -0.07477,-0.544741 -0.160218,-0.694278 -0.08545,-0.149537 -0.149537,-0.480654 -0.160218,-0.747684 0,-0.26703 -0.07477,-0.61951 -0.160218,-0.790409 -0.08545,-0.160218 -0.160218,-0.480654 -0.160218,-0.694278 0,-0.224305 -0.07477,-0.491335 -0.160218,-0.608828 -0.08545,-0.106812 -0.160218,-0.437929 -0.160218,-0.737003 0,-0.299074 -0.07477,-0.672916 -0.160218,-0.843815 -0.08545,-0.160218 -0.160218,-0.480654 -0.160218,-0.704959 0,-0.469973 -0.08545,-0.747684 -0.224305,-0.747684 -0.170899,0 -0.09613,0.769046 0.18158,1.976022 0.149537,0.640872 0.309755,1.506049 0.35248,1.922616 0.192261,1.730354 0.811771,3.834551 1.399237,4.742453 0.491335,0.758365 0.971989,1.217657 1.538093,1.474005 0.245667,0.09613 0.469973,0.224306 0.502016,0.277712 0.03204,0.05341 0.256349,0.138855 0.480654,0.192261 0.224305,0.06409 0.608829,0.160218 0.843815,0.213624 0.277711,0.07477 4.27248,0.117493 11.653189,0.117493 10.115097,0 11.257985,-0.01068 11.557059,-0.170899 0.18158,-0.09613 0.44861,-0.170899 0.587466,-0.170899 0.149536,0 0.320436,-0.06409 0.384523,-0.149537 0.06409,-0.08545 0.277711,-0.213624 0.469973,-0.288392 0.192261,-0.07477 0.555422,-0.363161 0.822452,-0.630191 0.875858,-0.907902 1.527412,-2.424632 1.86921,-4.379292 0.07477,-0.437929 0.224305,-1.239019 0.320436,-1.762398 0.09613,-0.53406 0.213624,-1.2497 0.256349,-1.60218 0.05341,-0.363161 0.138855,-0.747684 0.202943,-0.875858 0.07477,-0.128175 0.128174,-0.43793 0.128174,-0.694278 0.01068,-0.256349 0.07477,-0.576785 0.160218,-0.726322 0.08545,-0.149537 0.149537,-0.502016 0.160218,-0.779728 0,-0.277711 0.07477,-0.619509 0.170899,-0.758365 0.106812,-0.18158 0.149537,-0.459291 0.128175,-0.939945 -0.03204,-0.598148 -0.04273,-0.651554 -0.160219,-0.43793 z"
       id="path870" />
    <path
       d="m 57.727436,27.001979 c 0,0.05341 0.05341,0.160218 0.106812,0.245668 0.08545,0.128174 0.106812,0.117493 0.106812,-0.08545 0,-0.128174 -0.04272,-0.234986 -0.106812,-0.234986 -0.05341,0 -0.106812,0.03204 -0.106812,0.07477 z"
       id="path872" />
    <path
       d="m 102.01169,27.835113 c -0.11749,0.08545 -0.32043,0.160218 -0.44861,0.160218 -0.12817,0 -0.28839,0.07477 -0.36316,0.160218 -0.0748,0.08545 -0.18158,0.160218 -0.24567,0.160218 -0.18158,0 -0.83313,0.758365 -0.95062,1.089482 -0.06409,0.1709 -0.149541,0.299074 -0.202947,0.299074 -0.05341,0 -0.09613,0.502016 -0.09613,1.121526 0,0.61951 0.04272,1.121526 0.09613,1.121526 0.05341,0 0.138855,0.106812 0.18158,0.234986 0.106817,0.331118 1.068117,1.260382 1.303107,1.260382 0.11749,0 0.26703,0.07477 0.3418,0.160218 0.0961,0.117493 0.35248,0.160218 0.96131,0.160218 0.60882,0 0.86517,-0.04273 0.9613,-0.160218 0.0748,-0.08545 0.22431,-0.160218 0.33112,-0.160218 0.22431,0 1.27106,-0.929264 1.27106,-1.121526 0,-0.07477 0.0748,-0.160218 0.16022,-0.202943 0.23499,-0.08545 0.20294,-0.630191 -0.0534,-0.918583 -0.26703,-0.299074 -0.26703,-0.587466 -0.0107,-1.06812 0.19227,-0.35248 0.19227,-0.373842 0,-0.747684 -0.2243,-0.427248 -0.77972,-1.06812 -0.92926,-1.06812 -0.0534,0 -0.16022,-0.07477 -0.23499,-0.160218 -0.0748,-0.08545 -0.26703,-0.160218 -0.42724,-0.160218 -0.16022,0 -0.35248,-0.07477 -0.42725,-0.160218 -0.1709,-0.202943 -0.95063,-0.202943 -1.21766,0 z m 1.9333,0.843815 c 0.12817,0.138855 0.28839,0.299073 0.37384,0.341798 0.38452,0.245668 0.58747,0.737003 0.57679,1.399237 -0.0107,1.014714 -0.18159,1.025396 -0.57679,0.04273 -0.19226,-0.469973 -0.5127,-1.025395 -0.71564,-1.2497 -0.20294,-0.224305 -0.37384,-0.427248 -0.37384,-0.448611 0,-0.06409 0.35248,-0.331117 0.43793,-0.341798 0.032,0 0.16022,0.117493 0.27771,0.256349 z m -0.9079,0.18158 c -0.0107,0.181581 0.032,0.309755 0.13885,0.35248 0.0855,0.03204 0.16022,0.160218 0.16022,0.277711 0,0.117493 0.0427,0.213624 0.10681,0.213624 0.0534,0 0.12818,0.117493 0.1709,0.256349 0.032,0.149537 0.12818,0.288392 0.21363,0.320436 0.0854,0.03204 0.14953,0.149537 0.14953,0.256349 0,0.117493 0.0748,0.26703 0.16022,0.341798 0.0855,0.07477 0.16022,0.192262 0.16022,0.26703 0,0.07477 0.0748,0.160218 0.16022,0.202943 0.11749,0.04273 0.16021,0.18158 0.13885,0.491335 -0.0214,0.234986 -0.0748,0.427248 -0.11749,0.427248 -0.0534,0 -0.21363,0.138856 -0.36316,0.320436 -0.13886,0.170899 -0.30976,0.320436 -0.37384,0.320436 -0.0534,0 -0.1709,0.07477 -0.25635,0.160218 -0.1175,0.106812 -0.38453,0.160218 -0.84382,0.160218 -0.63019,0 -0.70496,-0.03204 -1.33515,-0.491335 -0.45929,-0.35248 -0.67291,-0.587466 -0.71564,-0.80109 -0.0427,-0.213624 -0.11749,-0.299074 -0.23498,-0.288393 -0.14954,0.03204 -0.1709,-0.08545 -0.16022,-0.80109 0.0107,-0.918583 0.12817,-1.153569 0.88654,-1.890572 0.37384,-0.363161 0.41656,-0.373842 1.18561,-0.373842 h 0.80109 z m 2.10419,3.108229 c 0.0107,0.05341 -0.0641,0.08545 -0.14953,0.08545 -0.16022,0 -0.22431,-0.331117 -0.0854,-0.469973 0.0748,-0.06409 0.21362,0.181581 0.23498,0.384523 z"
       id="path874" />
    <path
       d="m 101.59512,29.490699 c -0.21362,0.288392 -0.3952,0.587466 -0.3952,0.672916 0,0.07477 -0.0534,0.192261 -0.11749,0.256348 -0.0641,0.06409 -0.0961,0.224306 -0.0748,0.363161 0.0427,0.256349 0.0427,0.256349 0.1709,-0.04273 0.0641,-0.160218 0.1709,-0.288392 0.23498,-0.288392 0.0534,0 0.10682,-0.08545 0.10682,-0.202943 0,-0.106812 0.0748,-0.256349 0.16021,-0.331117 0.0854,-0.07477 0.16022,-0.192262 0.16022,-0.26703 0,-0.07477 0.0748,-0.192262 0.16022,-0.26703 0.1709,-0.138856 0.22431,-0.427248 0.0748,-0.427248 -0.0427,0 -0.25635,0.234986 -0.48066,0.53406 z"
       id="path876" />
    <path
       d="m 102.50303,29.725685 c -0.0534,0.07477 -0.13886,0.245668 -0.1709,0.373842 -0.0427,0.138856 -0.12818,0.245668 -0.18158,0.245668 -0.0534,0 -0.0961,0.09613 -0.0961,0.213624 0,0.106812 -0.0641,0.245668 -0.14954,0.288392 -0.0748,0.04272 -0.19226,0.192262 -0.26703,0.320436 -0.11749,0.234987 -0.10681,0.234987 0.96131,0.26703 1.01471,0.03204 1.36719,-0.04272 1.05744,-0.234986 -0.13886,-0.08545 -0.2884,-0.341798 -0.66224,-1.089482 -0.26703,-0.544742 -0.32043,-0.587466 -0.49133,-0.384524 z"
       id="path878" />
    <path
       d="m 101.78739,32.160999 c 0.29907,0.128174 1.78376,0.128174 1.97602,0 0.10681,-0.07477 -0.22431,-0.106812 -1.01472,-0.09613 -0.75836,0 -1.10016,0.03204 -0.9613,0.09613 z"
       id="path880" />
    <path
       d="m 58.058553,28.497347 c 0,0.288393 0.04272,0.608829 0.08545,0.726322 0.07477,0.18158 0.09613,0.170899 0.138855,-0.117493 0.06409,-0.448611 -0.02136,-1.110845 -0.138855,-1.110845 -0.05341,0 -0.09613,0.224305 -0.08545,0.502016 z"
       id="path882" />
    <path
       d="m 46.031522,29.811135 c -0.662234,0.309755 -1.004033,0.694278 -1.15357,1.271063 -0.08545,0.363161 0.106812,2.606213 0.26703,2.969373 0.07477,0.160218 0.587466,0.747684 1.132208,1.281744 1.367193,1.33515 1.43128,1.33515 2.723706,0.05341 1.367193,-1.356512 1.345831,-1.292425 1.377874,-3.11891 l 0.03204,-1.548774 -0.363161,-0.395204 c -0.502016,-0.555423 -1.089482,-0.726322 -2.456676,-0.715641 -0.875858,0 -1.228338,0.05341 -1.559455,0.202943 z m 3.129592,0.576785 c 0.160218,0.08545 0.405885,0.277711 0.544741,0.427248 l 0.26703,0.288392 -0.128175,1.281744 c -0.07477,0.704959 -0.192261,1.4206 -0.277711,1.580818 -0.08545,0.160218 -0.480654,0.608828 -0.875858,1.004033 -0.982671,0.961308 -1.132207,0.961308 -2.082834,-0.01068 -0.395205,-0.405885 -0.779728,-0.865177 -0.865177,-1.046757 -0.09613,-0.181581 -0.192262,-0.80109 -0.234987,-1.548774 -0.07477,-1.239019 -0.07477,-1.249701 0.213624,-1.591499 0.160218,-0.18158 0.395205,-0.384523 0.512698,-0.427248 0.384523,-0.160218 2.606213,-0.128174 2.926649,0.04273 z"
       id="path884" />
    <path
       d="m 47.548252,31.167647 c -0.149536,0.138856 -0.07477,0.245668 0.1709,0.245668 0.128174,0 0.299073,0.09613 0.373842,0.213624 0.128174,0.213624 0.44861,0.299074 0.44861,0.106812 0,-0.09613 -0.726322,-0.640872 -0.865177,-0.640872 -0.03204,0 -0.09613,0.03204 -0.128175,0.07477 z"
       id="path886" />
    <path
       d="m 46.950105,31.691026 c -0.352479,0.299074 -0.416567,0.469973 -0.18158,0.469973 0.07477,0 0.170899,-0.09613 0.202943,-0.213624 0.03204,-0.117493 0.128174,-0.213624 0.224305,-0.213624 0.09613,0 0.170899,-0.07477 0.170899,-0.160218 0,-0.213624 -0.03204,-0.202943 -0.416567,0.117493 z"
       id="path888" />
    <path
       d="m 47.227816,32.566885 c -0.405885,0.08545 -0.09613,0.288392 0.405886,0.256348 0.491335,-0.02136 0.683597,-0.07477 0.576785,-0.170899 -0.08545,-0.06409 -0.790409,-0.138855 -0.982671,-0.08545 z"
       id="path890" />
    <path
       d="m 57.791523,30.83653 c -0.04272,0.160218 -0.02136,0.341799 0.03204,0.395205 0.08545,0.08545 0.117493,0 0.117493,-0.277712 0,-0.469972 -0.05341,-0.502016 -0.149537,-0.117493 z"
       id="path892" />
    <path
       d="m 95.85932,34.297239 c -0.08545,0.05341 -0.331117,0.106812 -0.544741,0.106812 -0.213624,0 -0.448611,0.07477 -0.523379,0.160218 -0.07477,0.08545 -0.192262,0.160218 -0.277711,0.160218 -0.07477,0 -0.384523,0.299074 -0.683597,0.662234 -0.427248,0.544742 -0.53406,0.747684 -0.53406,1.06812 0,0.224306 0.04272,0.405886 0.09613,0.405886 0.05341,0 0.170899,0.03204 0.26703,0.06409 0.138855,0.05341 0.170899,-0.01068 0.170899,-0.26703 0,-0.44861 0.694278,-1.185613 1.132207,-1.196294 0.170899,0 0.245668,-0.03204 0.181581,-0.06409 -0.07477,-0.02136 -0.138856,-0.117494 -0.138856,-0.192262 0,-0.18158 0.672916,-0.288392 1.580818,-0.245668 0.523378,0.02136 0.662234,0.06409 0.640872,0.192262 -0.03204,0.128174 -0.234987,0.170899 -0.88654,0.192262 -0.469973,0.02136 -0.897221,0.08545 -0.961308,0.149536 -0.07477,0.07477 0.26703,0.09613 1.15357,0.06409 1.06812,-0.04272 1.271062,-0.02136 1.345831,0.117493 0.05341,0.09613 0.07477,0.865177 0.06409,1.698311 -0.01068,1.174932 -0.05341,1.559455 -0.170899,1.623542 -0.07477,0.05341 -0.608829,0.06409 -1.174932,0.03204 -0.662235,-0.04272 -1.089483,-0.02136 -1.228338,0.05341 -0.160218,0.09613 0.01068,0.117493 0.790409,0.128174 0.89722,0 0.993351,0.02136 0.961308,0.18158 -0.03204,0.160218 -0.1709,0.192262 -0.854496,0.224306 -0.833134,0.03204 -1.260382,-0.08545 -1.260382,-0.331118 0,-0.07477 -0.138856,-0.192261 -0.320436,-0.256348 -0.202943,-0.07477 -0.320436,-0.192262 -0.320436,-0.331118 0,-0.106812 -0.117493,-0.256348 -0.26703,-0.320436 -0.234986,-0.106812 -0.26703,-0.192261 -0.26703,-0.63019 0,-0.288393 -0.04273,-0.459292 -0.08545,-0.395205 -0.04272,0.06409 -0.160218,0.138856 -0.256348,0.181581 -0.245668,0.08545 -0.26703,0.843814 -0.03204,1.036076 0.08545,0.07477 0.160218,0.192262 0.160218,0.26703 0,0.213624 0.704959,0.865177 1.196294,1.110845 0.598148,0.288392 2.317821,0.331117 2.542126,0.06409 0.07477,-0.08545 0.192262,-0.160218 0.256349,-0.160218 0.160218,0 1.132207,-0.98267 1.132207,-1.142888 0,-0.06409 0.07477,-0.1709 0.160218,-0.245668 0.117493,-0.09613 0.160218,-0.373842 0.160218,-1.132207 0,-0.939946 -0.02136,-1.036077 -0.341798,-1.559455 -0.363161,-0.587466 -0.80109,-1.036077 -1.004033,-1.046758 -0.06409,0 -0.181581,-0.06409 -0.245668,-0.149537 -0.06409,-0.07477 -0.352479,-0.170899 -0.630191,-0.202943 -0.277711,-0.02136 -0.576784,-0.07477 -0.662234,-0.117493 -0.08545,-0.03204 -0.234986,-0.01068 -0.320436,0.04272 z m 2.58485,2.31782 c 0.03204,0.833134 0.05341,1.057439 0.138856,1.345832 0.07477,0.277711 0.06409,0.299073 -0.170899,0.26703 -0.245668,-0.03204 -0.256349,-0.07477 -0.288393,-1.025396 -0.02136,-0.822452 0,-0.98267 0.138856,-0.98267 0.106812,0 0.160218,0.117493 0.18158,0.395204 z"
       id="path894" />
    <path
       d="m 108.38837,34.372007 c -0.24567,0.02136 -0.50202,0.117494 -0.56611,0.202943 -0.0748,0.07477 -0.19226,0.149537 -0.26703,0.149537 -0.19226,0 -1.12152,1.078801 -1.12152,1.292425 0,0.09613 -0.0748,0.234987 -0.16022,0.309755 -0.11749,0.09613 -0.16022,0.35248 -0.16022,0.907902 0,0.555422 0.0427,0.811771 0.16022,0.907902 0.0855,0.07477 0.16022,0.245668 0.16022,0.373842 0,0.224305 0.93994,1.33515 1.13221,1.33515 0.0427,0 0.16021,0.07477 0.25634,0.160218 0.12818,0.106812 0.46998,0.160218 1.20698,0.18158 1.16425,0.02136 1.53809,-0.106812 2.22169,-0.769046 0.80109,-0.779728 1.23902,-2.445995 0.79041,-3.033461 -0.0855,-0.117493 -0.16022,-0.288392 -0.16022,-0.384523 0,-0.234986 -0.9079,-1.174932 -1.36719,-1.409918 -0.37385,-0.202943 -1.37788,-0.309755 -2.12556,-0.224306 z m 1.86921,0.833134 c 0.0427,0.03204 0,0.106812 -0.0855,0.160218 -0.0854,0.05341 -0.1175,0.128174 -0.0748,0.170899 0.032,0.04273 0.13886,0.02136 0.21362,-0.05341 0.1175,-0.09613 0.18158,-0.08545 0.27771,0.03204 0.0961,0.117493 0.0961,0.160218 0,0.192261 -0.0641,0.02136 -0.0107,0.149537 0.16022,0.299074 0.14954,0.149537 0.27771,0.309755 0.27771,0.363161 0,0.06409 0.12818,0.234986 0.27772,0.395204 0.26703,0.277711 0.27771,0.309755 0.14953,0.918583 -0.16022,0.758366 -0.30975,1.057439 -0.72632,1.452644 -0.29907,0.288392 -0.37384,0.299073 -1.4206,0.331117 -0.76905,0.01068 -1.16425,-0.02136 -1.27106,-0.117493 -0.737,-0.61951 -0.96131,-0.907902 -0.89722,-1.15357 0.0534,-0.224305 0.0214,-0.26703 -0.14954,-0.26703 -0.28839,0 -0.29907,-0.03204 -0.38452,-0.833134 -0.0641,-0.544741 -0.0427,-0.662234 0.0855,-0.662234 0.0854,0 0.33111,-0.245668 0.54474,-0.53406 0.23498,-0.320436 0.46997,-0.53406 0.59815,-0.53406 0.10681,0 0.20294,-0.06409 0.20294,-0.138856 0,-0.117493 0.23498,-0.138855 1.0788,-0.117493 0.59815,0.02136 1.11084,0.06409 1.14289,0.09613 z"
       id="path896" />
    <path
       d="m 108.67676,36.080999 c -0.13886,0.03204 -0.3952,0.202943 -0.55542,0.384524 -0.24567,0.277711 -0.29908,0.437929 -0.29908,0.907902 0,0.395204 0.0427,0.576784 0.16022,0.619509 0.0855,0.03204 0.18158,0.149537 0.21363,0.26703 0.0427,0.106812 0.16021,0.202943 0.26703,0.202943 0.10681,0 0.23498,0.04272 0.26703,0.106812 0.0961,0.149537 0.80109,0.128174 1.10016,-0.04272 0.67292,-0.363161 0.89722,-1.548774 0.40589,-2.104196 -0.24567,-0.288393 -0.98268,-0.448611 -1.55946,-0.341799 z m 1.10016,0.566104 c 0.0961,0.128174 0.1175,0.373842 0.0854,0.71564 -0.0534,0.405886 -0.10681,0.523379 -0.27771,0.544742 -0.11749,0.02136 -0.27771,0.117493 -0.35248,0.213624 -0.0961,0.128174 -0.19226,0.149536 -0.42725,0.06409 -0.37384,-0.128175 -0.67291,-0.897221 -0.46997,-1.217657 0.0641,-0.117493 0.12818,-0.26703 0.12818,-0.341798 0,-0.09613 0.19226,-0.149537 0.58746,-0.160218 0.46997,-0.01068 0.60883,0.02136 0.72632,0.18158 z"
       id="path898" />
    <path
       d="m 41.128851,34.57495 c -0.384523,0.213624 -0.598147,0.416567 -0.875858,0.843815 -0.181581,0.277711 -0.202943,0.512698 -0.202943,1.837166 v 1.50605 l 0.320436,0.469972 c 0.213624,0.299074 0.512698,0.544742 0.854496,0.715641 0.480654,0.224305 0.587466,0.234986 1.046758,0.128174 0.288392,-0.06409 0.918583,-0.149537 1.409918,-0.18158 l 0.897221,-0.07477 1.121526,-1.153569 c 0.843815,-0.865177 1.132207,-1.228338 1.132207,-1.431281 0,-0.202943 -0.256349,-0.544741 -0.98267,-1.292425 -0.544742,-0.566104 -1.089483,-1.078801 -1.206976,-1.132207 -0.213624,-0.117494 -1.303106,-0.277712 -2.510082,-0.363161 -0.512698,-0.03204 -0.779728,0 -1.004033,0.128175 z m 2.958693,0.704959 c 0.395204,0.106812 0.672915,0.309755 1.303106,0.929265 0.437929,0.437929 0.80109,0.886539 0.80109,0.993351 0,0.234987 -1.057439,1.377875 -1.580818,1.708992 -0.437929,0.26703 -1.655586,0.53406 -2.552806,0.555423 -0.555423,0.01068 -0.694278,-0.03204 -0.929265,-0.245668 -0.373842,-0.352479 -0.53406,-1.206975 -0.459291,-2.456676 0.05341,-0.950627 0.07477,-1.014714 0.416566,-1.367193 l 0.35248,-0.373842 1.06812,0.05341 c 0.587466,0.03204 1.292425,0.128174 1.580818,0.202942 z"
       id="path900" />
    <path
       d="m 42.047434,36.540291 c -0.523378,0.373842 -0.587466,0.758365 -0.224305,1.217657 0.245668,0.309755 0.416567,0.363161 0.416567,0.117493 0,-0.08545 -0.06409,-0.160218 -0.149537,-0.160218 -0.08545,0 -0.192261,-0.05341 -0.224305,-0.106812 -0.106812,-0.18158 0.05341,-0.747684 0.224305,-0.747684 0.08545,0 0.149537,-0.07477 0.149537,-0.160218 0,-0.09613 0.09613,-0.160218 0.26703,-0.160218 0.256349,0 0.26703,0.02136 0.26703,0.747684 0,0.672916 -0.02136,0.747684 -0.213624,0.747684 -0.117493,0 -0.213624,0.04272 -0.213624,0.106812 0,0.149537 0.35248,0.128174 0.555422,-0.03204 0.09613,-0.07477 0.202943,-0.373842 0.234987,-0.726321 0.06409,-0.502017 0.04273,-0.630191 -0.149537,-0.875859 -0.288392,-0.36316 -0.405886,-0.36316 -0.939946,0.03204 z"
       id="path902" />
    <path
       d="m 52.226618,34.532225 c -0.35248,0.05341 -0.833134,0.117494 -1.06812,0.149537 -0.373842,0.04273 -0.566104,0.181581 -1.4206,1.036077 -1.33515,1.33515 -1.356512,1.367193 -1.132207,1.805122 0.09613,0.192262 0.630191,0.790409 1.185613,1.324469 l 1.004033,0.971989 0.982671,0.07477 c 0.544741,0.04272 1.16425,0.128174 1.377874,0.192261 0.320436,0.09613 0.459292,0.08545 0.758366,-0.06409 0.202942,-0.09613 0.405885,-0.170899 0.437929,-0.170899 0.106812,0 0.491335,-0.416567 0.491335,-0.53406 0,-0.05341 0.06409,-0.138856 0.149537,-0.18158 0.234986,-0.138856 0.384523,-1.68763 0.256349,-2.723706 -0.202943,-1.708992 -0.982671,-2.189646 -3.02278,-1.879892 z m 2.061472,0.88654 c 0.213624,0.234986 0.352479,0.53406 0.405885,0.865177 0.09613,0.662235 -0.01068,2.264415 -0.170899,2.616894 -0.309755,0.662235 -1.164251,0.790409 -2.809156,0.395205 L 50.741931,39.071735 49.908798,38.238602 C 49.449506,37.77931 49.075664,37.3307 49.075664,37.234569 c 0,-0.08545 0.384523,-0.544741 0.843815,-1.004033 1.036076,-1.036076 1.313787,-1.132207 3.172316,-1.174932 0.875859,-0.01068 0.875859,-0.01068 1.196295,0.363161 z"
       id="path904" />
    <path
       d="m 52.386836,36.433479 c -0.234986,0.18158 -0.26703,0.26703 -0.234986,0.822452 0.03204,0.427248 0.106812,0.672916 0.245667,0.80109 0.213624,0.213624 0.480654,0.245668 0.576785,0.08545 0.04272,-0.06409 -0.05341,-0.106812 -0.213624,-0.106812 -0.277711,0 -0.277711,-0.01068 -0.245668,-0.726322 0.03204,-0.662234 0.05341,-0.71564 0.277712,-0.747684 0.288392,-0.04272 0.640872,0.234987 0.779727,0.608829 0.08545,0.202943 0.05341,0.309755 -0.128174,0.502016 l -0.224305,0.234987 0.213624,0.117493 c 0.128174,0.06409 0.26703,0.117493 0.320436,0.117493 0.117493,0 0.26703,-0.971989 0.18158,-1.196294 -0.05341,-0.128175 -0.469973,-0.363161 -1.228338,-0.694278 -0.03204,-0.02136 -0.170899,0.06409 -0.320436,0.18158 z"
       id="path906" />
    <path
       d="m 91.127548,36.113043 c -0.03204,0.08545 -0.08545,0.427248 -0.117493,0.747684 -0.08545,0.897221 -0.18158,1.324469 -0.331117,1.495368 -0.192262,0.224305 0.06409,0.854496 0.35248,0.854496 0.138855,0 0.245667,0.149537 0.384523,0.53406 0.106812,0.288392 0.234986,0.53406 0.288392,0.53406 0.05341,0 0.09613,0.08545 0.09613,0.192262 0,0.117493 0.160218,0.373842 0.363161,0.576784 0.192261,0.202943 0.416567,0.544742 0.502016,0.758366 0.07477,0.213624 0.192262,0.395204 0.256349,0.395204 0.192262,0 0.993352,0.833134 1.815804,1.86921 0.224305,0.288392 0.555422,0.662234 0.71564,0.822452 0.160218,0.160218 0.299074,0.363161 0.299074,0.448611 0,0.09613 0.06409,0.170899 0.138856,0.170899 0.06409,0 0.299073,0.234986 0.502016,0.502016 0.202943,0.277712 0.427248,0.544742 0.480654,0.608829 0.18158,0.192261 0.747684,1.153569 0.961308,1.634223 0.106812,0.256349 0.234986,0.459292 0.288392,0.459292 0.04273,0 0.08545,0.117493 0.08545,0.26703 0,0.18158 0.04273,0.245668 0.160218,0.202943 0.106812,-0.04273 0.192262,0.03204 0.26703,0.213624 0.05341,0.149537 0.149537,0.277711 0.202943,0.277711 0.05341,0 0.128174,0.08545 0.160218,0.18158 0.128174,0.35248 0.395204,0.779728 0.480654,0.779728 0.05341,0 0.128174,0.117493 0.160218,0.26703 0.04272,0.149537 0.117493,0.26703 0.170899,0.26703 0.06409,0 0.106812,0.117493 0.106812,0.256349 0,0.138855 0.07477,0.277711 0.160215,0.320436 0.0854,0.03204 0.16022,0.170899 0.16022,0.320436 0,0.138855 0.0748,0.277711 0.16022,0.320436 0.0854,0.03204 0.16022,0.160218 0.16022,0.277711 0,0.117493 0.0427,0.213624 0.0961,0.213624 0.0748,0 1.06812,1.911935 1.21766,2.371226 0.0427,0.106812 0.11749,0.192262 0.18158,0.192262 0.0534,0 0.10681,0.117493 0.10681,0.256349 0,0.138855 0.0641,0.309755 0.14953,0.373842 0.0854,0.07477 0.18159,0.245667 0.21363,0.384523 0.0427,0.149537 0.11749,0.26703 0.1709,0.26703 0.0641,0 0.10681,0.117493 0.10681,0.26703 0,0.138856 0.0961,0.437929 0.22431,0.662234 0.11749,0.224306 0.33111,0.61951 0.48065,0.875859 0.13885,0.256349 0.25635,0.576785 0.25635,0.71564 0,0.128175 0.0748,0.256349 0.16022,0.299074 0.0854,0.03204 0.16021,0.138855 0.16021,0.245667 0,0.106812 0.0748,0.331118 0.16022,0.502017 0.0854,0.160218 0.16022,0.373842 0.16022,0.44861 0,0.08545 0.0748,0.181581 0.16022,0.213624 0.0961,0.04272 0.16022,0.202943 0.16022,0.373842 0,0.181581 0.0641,0.341799 0.16021,0.373842 0.0855,0.04272 0.16022,0.170899 0.16022,0.299074 0,0.128174 0.0748,0.331117 0.16022,0.44861 0.0854,0.106812 0.16022,0.288393 0.16022,0.384523 0,0.106812 0.0855,0.277712 0.19226,0.384524 0.0961,0.09613 0.1709,0.26703 0.14954,0.373842 -0.0427,0.202942 0.14953,0.502016 0.30975,0.502016 0.16022,0 0.10681,-0.608828 -0.0641,-0.747684 -0.0855,-0.07477 -0.16021,-0.245668 -0.16021,-0.384523 0,-0.128175 -0.0748,-0.309755 -0.16022,-0.405886 -0.0855,-0.08545 -0.16022,-0.245667 -0.16022,-0.352479 0,-0.117494 -0.0748,-0.299074 -0.16022,-0.416567 -0.0854,-0.106812 -0.16022,-0.309755 -0.16022,-0.448611 0,-0.128174 -0.0748,-0.26703 -0.16021,-0.299073 -0.0854,-0.04272 -0.16022,-0.170899 -0.16022,-0.299074 0,-0.128174 -0.0748,-0.331117 -0.16022,-0.44861 -0.0855,-0.106812 -0.16022,-0.309755 -0.16022,-0.448611 0,-0.128174 -0.0748,-0.26703 -0.16022,-0.299073 -0.0961,-0.04272 -0.16021,-0.202943 -0.16021,-0.373842 0,-0.181581 -0.0641,-0.341799 -0.16022,-0.373842 -0.0854,-0.04272 -0.16022,-0.170899 -0.16022,-0.309755 0,-0.128174 -0.0748,-0.299074 -0.16022,-0.373842 -0.0854,-0.07477 -0.16022,-0.224305 -0.16022,-0.331117 0,-0.09613 -0.0748,-0.256349 -0.16021,-0.35248 -0.0855,-0.08545 -0.16022,-0.245667 -0.16022,-0.363161 0,-0.117493 -0.0748,-0.26703 -0.16022,-0.341798 -0.0854,-0.07477 -0.16022,-0.213624 -0.16022,-0.320436 0,-0.106812 -0.0748,-0.245668 -0.16022,-0.320436 -0.0854,-0.07477 -0.16021,-0.213624 -0.16021,-0.320436 0,-0.106812 -0.0748,-0.245668 -0.16022,-0.320436 -0.0854,-0.07477 -0.16022,-0.213624 -0.16022,-0.309755 -0.0107,-0.09613 -0.12817,-0.363161 -0.26703,-0.598147 -0.14954,-0.234986 -0.28839,-0.502016 -0.33112,-0.587466 -0.032,-0.08545 -0.10681,-0.234986 -0.16022,-0.320436 -0.0534,-0.08545 -0.12817,-0.234986 -0.16021,-0.320436 -0.032,-0.08545 -0.10682,-0.234986 -0.16022,-0.320436 -0.0534,-0.08545 -0.11749,-0.213624 -0.13886,-0.26703 -0.0214,-0.06409 -0.0748,-0.18158 -0.10681,-0.26703 -0.032,-0.08545 -0.16022,-0.309755 -0.27771,-0.480654 -0.11749,-0.18158 -0.23499,-0.384523 -0.26703,-0.459292 -0.032,-0.06409 -0.0748,-0.192261 -0.10681,-0.26703 -0.032,-0.06409 -0.14954,-0.277711 -0.26703,-0.44861 -0.117496,-0.18158 -0.245671,-0.395204 -0.288395,-0.480654 -0.03204,-0.08545 -0.192262,-0.35248 -0.341799,-0.587466 -0.416567,-0.651553 -0.53406,-0.843815 -0.608828,-1.014714 -0.117493,-0.256349 -1.837167,-2.841199 -1.986703,-3.001417 -0.08545,-0.08545 -0.341799,-0.395205 -0.576785,-0.683597 -0.512698,-0.662234 -0.779728,-0.961308 -1.580818,-1.858529 -0.341798,-0.384523 -0.80109,-0.918583 -1.014714,-1.185613 -0.213624,-0.26703 -0.44861,-0.523379 -0.512697,-0.566104 -0.07477,-0.04272 -0.138856,-0.149536 -0.138856,-0.213624 0,-0.07477 -0.149537,-0.299073 -0.331117,-0.491335 -0.331117,-0.363161 -0.790409,-1.185613 -1.100164,-1.976022 -0.106812,-0.245667 -0.170899,-0.769046 -0.18158,-1.33515 -0.01068,-0.961308 -0.128175,-1.580817 -0.234987,-1.292425 z"
       id="path908" />
    <path
       d="m 95.004824,37.352062 v 1.121526 l 1.089482,-0.03204 1.089483,-0.03204 -0.01068,-0.993352 c 0,-0.544741 -0.03204,-1.014714 -0.06409,-1.046757 -0.02136,-0.03204 -0.512697,-0.07477 -1.078801,-0.08545 l -1.025395,-0.04273 z m 1.68763,-0.04272 c -0.02136,0.576785 -0.245668,0.875859 -0.640872,0.811772 -0.320436,-0.04272 -0.523379,-0.480654 -0.43793,-0.97199 0.05341,-0.384523 0.06409,-0.384523 0.576785,-0.373842 l 0.512698,0.01068 z"
       id="path910" />
    <path
       d="m 58.966455,36.988901 c -0.309755,2.445995 -0.608828,2.990736 -3.492752,6.344633 -1.559455,1.805123 -3.193679,3.898638 -3.193679,4.080219 0,0.05341 -0.138856,0.299073 -0.320436,0.53406 -0.170899,0.245667 -0.320436,0.469972 -0.320436,0.502016 0,0.03204 -0.213624,0.405886 -0.459292,0.833134 -0.256348,0.416566 -0.502016,0.843814 -0.544741,0.929264 -0.03204,0.08545 -0.160218,0.299074 -0.277711,0.480654 -0.117493,0.170899 -0.234986,0.384523 -0.26703,0.44861 -0.03204,0.07477 -0.07477,0.202943 -0.106812,0.26703 -0.03204,0.07477 -0.149537,0.277712 -0.26703,0.459292 -0.117493,0.170899 -0.234986,0.395204 -0.277711,0.480654 -0.03204,0.08545 -0.106812,0.234986 -0.160218,0.320436 -0.05341,0.08545 -0.128175,0.234986 -0.160218,0.320436 -0.03204,0.08545 -0.106812,0.234986 -0.160218,0.320436 -0.05341,0.08545 -0.138856,0.26703 -0.192262,0.395204 -0.06409,0.117494 -0.160218,0.256349 -0.213624,0.299074 -0.06409,0.03204 -0.117493,0.149537 -0.117493,0.256349 0,0.106812 -0.07477,0.256349 -0.160218,0.331117 -0.08545,0.07477 -0.160218,0.213624 -0.160218,0.320436 0,0.106812 -0.07477,0.245668 -0.160218,0.320436 -0.08545,0.07477 -0.160218,0.245668 -0.160218,0.373842 0,0.138856 -0.07477,0.26703 -0.160218,0.309755 -0.08545,0.03204 -0.160218,0.149537 -0.160218,0.256349 0,0.117493 -0.07477,0.26703 -0.160218,0.341798 -0.08545,0.07477 -0.160218,0.224305 -0.160218,0.341798 0,0.117494 -0.07477,0.277712 -0.160218,0.363161 -0.08545,0.09613 -0.160218,0.256349 -0.160218,0.35248 0,0.106812 -0.07477,0.256349 -0.160218,0.331117 -0.08545,0.07477 -0.160218,0.245668 -0.160218,0.373842 0,0.128174 -0.07477,0.299074 -0.160218,0.373842 -0.08545,0.07477 -0.160218,0.224305 -0.160218,0.341798 0,0.117494 -0.07477,0.277712 -0.160218,0.363161 -0.08545,0.09613 -0.160218,0.256349 -0.160218,0.35248 0,0.106812 -0.07477,0.256349 -0.160218,0.331117 -0.08545,0.07477 -0.160218,0.245668 -0.160218,0.373842 0,0.128174 -0.07477,0.299074 -0.160218,0.373842 -0.08545,0.07477 -0.160218,0.245668 -0.160218,0.373842 0,0.128174 -0.07477,0.299074 -0.160218,0.373842 -0.08545,0.07477 -0.160218,0.245668 -0.160218,0.373842 0,0.128174 -0.07477,0.299074 -0.160218,0.373842 -0.08545,0.07477 -0.160218,0.234986 -0.160218,0.363161 0,0.117493 -0.07477,0.320436 -0.160218,0.427248 -0.08545,0.117493 -0.160218,0.309755 -0.160218,0.427248 0,0.128174 -0.07477,0.320436 -0.160218,0.427248 -0.08545,0.117493 -0.160218,0.320436 -0.160218,0.44861 0,0.128175 -0.07477,0.288393 -0.160218,0.363161 -0.08545,0.07477 -0.160218,0.26703 -0.160218,0.427248 0,0.160218 -0.07477,0.35248 -0.160218,0.427248 -0.08545,0.07477 -0.160218,0.26703 -0.160218,0.427248 0,0.160218 -0.07477,0.35248 -0.160218,0.427248 -0.08545,0.07477 -0.160218,0.288392 -0.160218,0.480654 0,0.213624 -0.06409,0.373842 -0.160218,0.416567 -0.09613,0.03204 -0.160218,0.192261 -0.160218,0.363161 0,0.170899 -0.07477,0.373842 -0.160218,0.44861 -0.08545,0.07477 -0.160218,0.288392 -0.160218,0.469973 0,0.18158 -0.07477,0.427248 -0.160218,0.53406 -0.08545,0.117493 -0.160218,0.331117 -0.160218,0.469973 0,0.138855 -0.07477,0.320436 -0.160218,0.405885 -0.08545,0.09613 -0.160218,0.331117 -0.160218,0.53406 0,0.202943 -0.04272,0.363161 -0.106812,0.363161 -0.05341,0 -0.128174,0.18158 -0.160218,0.395204 -0.03204,0.224306 -0.138856,0.53406 -0.224305,0.694278 -0.08545,0.149537 -0.149537,0.395205 -0.149537,0.53406 0,0.128175 -0.07477,0.341799 -0.160218,0.448611 -0.08545,0.117493 -0.160218,0.363161 -0.160218,0.53406 0,0.18158 -0.07477,0.427248 -0.160218,0.53406 -0.08545,0.117493 -0.160218,0.299073 -0.160218,0.395204 0,0.106812 -0.08545,0.320436 -0.18158,0.502017 -0.1709,0.309754 -0.138856,0.662234 0.07477,0.662234 0.05341,0 0.106812,-0.138856 0.106812,-0.299074 0,-0.170899 0.09613,-0.395204 0.213624,-0.502016 0.117493,-0.106812 0.213624,-0.299074 0.213624,-0.427248 0,-0.138856 0.07477,-0.384523 0.160218,-0.544741 0.08545,-0.170899 0.160218,-0.437929 0.160218,-0.598147 0,-0.160218 0.05341,-0.320436 0.106812,-0.35248 0.05341,-0.03204 0.106812,-0.213624 0.106812,-0.384523 0,-0.170899 0.106812,-0.459292 0.224305,-0.630191 0.149537,-0.202943 0.213624,-0.395204 0.181581,-0.587466 -0.04272,-0.192262 0,-0.309755 0.138855,-0.384523 0.149537,-0.07477 0.202943,-0.224305 0.202943,-0.512698 0,-0.234986 0.06409,-0.469973 0.160218,-0.544741 0.08545,-0.07477 0.160218,-0.26703 0.160218,-0.437929 0,-0.160218 0.05341,-0.331117 0.106812,-0.363161 0.06409,-0.03204 0.106812,-0.149537 0.106812,-0.245668 0,-0.106812 0.09613,-0.36316 0.213624,-0.587466 0.117493,-0.213624 0.213624,-0.512697 0.213624,-0.651553 0,-0.138855 0.07477,-0.309755 0.160218,-0.384523 0.08545,-0.07477 0.160218,-0.234986 0.160218,-0.363161 0,-0.117493 0.07477,-0.320436 0.160218,-0.427248 0.08545,-0.117493 0.160218,-0.309755 0.160218,-0.427248 0,-0.128174 0.07477,-0.320436 0.160218,-0.427248 0.08545,-0.117493 0.160218,-0.299073 0.160218,-0.395204 0,-0.106812 0.08545,-0.341799 0.18158,-0.544741 0.09613,-0.192262 0.234987,-0.480654 0.320436,-0.640872 0.07477,-0.149537 0.138856,-0.363161 0.138856,-0.480654 0,-0.106812 0.07477,-0.288393 0.160218,-0.395205 0.08545,-0.117493 0.160218,-0.320436 0.160218,-0.44861 0,-0.128175 0.07477,-0.256349 0.160218,-0.299074 0.08545,-0.03204 0.160218,-0.170899 0.160218,-0.309755 0,-0.149536 0.06409,-0.320436 0.149537,-0.384523 0.08545,-0.06409 0.170899,-0.256349 0.202943,-0.416567 0.07477,-0.416566 0.341798,-1.078801 0.480654,-1.217656 0.07477,-0.07477 0.128174,-0.202943 0.128174,-0.288393 0,-0.09613 0.07477,-0.26703 0.160218,-0.373842 0.08545,-0.117493 0.160218,-0.277711 0.160218,-0.363161 0,-0.07477 0.07477,-0.213624 0.160218,-0.299073 0.08545,-0.09613 0.160218,-0.256349 0.160218,-0.35248 0,-0.106812 0.07477,-0.256349 0.160218,-0.331117 0.08545,-0.07477 0.160218,-0.245668 0.160218,-0.384523 0,-0.138856 0.06409,-0.288393 0.138856,-0.331117 0.192261,-0.117494 0.502016,-0.758366 0.502016,-1.046758 0,-0.138856 0.07477,-0.26703 0.160218,-0.309755 0.08545,-0.03204 0.160218,-0.170899 0.160218,-0.299073 0,-0.138856 0.09613,-0.309755 0.224305,-0.384524 0.117493,-0.07477 0.192262,-0.202942 0.160218,-0.288392 -0.02136,-0.07477 0.02136,-0.202943 0.106812,-0.26703 0.08545,-0.07477 0.149537,-0.224305 0.149537,-0.341798 0,-0.106812 0.07477,-0.224306 0.160218,-0.256349 0.08545,-0.04272 0.160218,-0.170899 0.160218,-0.309755 0,-0.138856 0.07477,-0.26703 0.160218,-0.309755 0.08545,-0.03204 0.160218,-0.149537 0.160218,-0.26703 0,-0.117493 0.04272,-0.234986 0.09613,-0.277711 0.06409,-0.03204 0.224305,-0.320436 0.373842,-0.640872 0.149537,-0.309755 0.331117,-0.608828 0.384523,-0.640872 0.06409,-0.03204 0.106812,-0.149537 0.106812,-0.26703 0,-0.106812 0.07477,-0.213624 0.160218,-0.256349 0.08545,-0.03204 0.160218,-0.128174 0.160218,-0.224305 0,-0.35248 0.44861,-0.790409 0.875858,-0.854496 0.331118,-0.06409 0.405886,-0.106812 0.35248,-0.256349 -0.03204,-0.117493 0.06409,-0.299073 0.26703,-0.491335 0.192262,-0.192262 0.299074,-0.373842 0.26703,-0.480654 -0.09613,-0.299074 0.61951,-1.580818 1.51673,-2.745068 1.698311,-2.211009 2.552807,-3.20436 3.097548,-3.620927 0.459292,-0.331117 0.555423,-0.459292 0.512698,-0.662235 -0.03204,-0.128174 -0.01068,-0.234986 0.05341,-0.234986 0.06409,0 0.213624,-0.213624 0.331117,-0.480654 0.117493,-0.26703 0.256349,-0.480654 0.309755,-0.480654 0.06409,0 0.106812,-0.07477 0.106812,-0.160218 0,-0.138856 0.373842,-0.769046 0.640872,-1.089482 0.06409,-0.07477 0.18158,-0.106812 0.26703,-0.07477 0.09613,0.04272 0.160218,0 0.160218,-0.09613 0,-0.08545 0.07477,-0.18158 0.160218,-0.224305 0.192262,-0.07477 0.202943,-0.299073 0.03204,-0.469973 -0.149537,-0.149536 -0.395205,-1.014714 -0.405886,-1.43128 -0.01068,-0.769047 -0.26703,-0.811772 -0.363161,-0.06409 z"
       id="path912" />
    <path
       d="m 94.25714,37.287975 c 0,0.309755 0.02136,0.544741 0.05341,0.512698 0.08545,-0.07477 0.09613,-0.929265 0.02136,-1.014714 -0.04272,-0.03204 -0.07477,0.192261 -0.07477,0.502016 z"
       id="path914" />
    <path
       d="m 47.195773,38.292008 c -0.544741,0.384523 -1.922616,1.911935 -2.050791,2.285777 -0.07477,0.213624 -0.192261,0.907902 -0.245667,1.548774 -0.106812,1.078801 -0.09613,1.174932 0.128174,1.612861 0.288393,0.587466 0.61951,0.843815 1.399237,1.06812 1.260382,0.363161 2.883924,0.117493 3.546159,-0.544741 0.44861,-0.448611 0.502016,-0.769047 0.416567,-2.371227 -0.07477,-1.484687 -0.128175,-1.591499 -1.452644,-2.873243 -0.961308,-0.929264 -1.260381,-1.057438 -1.741035,-0.726321 z m 1.174932,0.886539 c 1.100163,1.036077 1.2497,1.260382 1.367193,1.976022 0.181581,1.206976 0.213624,2.114878 0.08545,2.445995 -0.245668,0.576785 -0.672916,0.737003 -2.018747,0.737003 -1.409918,0 -1.805123,-0.128174 -2.178965,-0.71564 -0.234986,-0.363161 -0.256348,-0.469973 -0.18158,-0.993352 0.05341,-0.320436 0.09613,-0.875858 0.09613,-1.239019 0.01068,-0.512698 0.06409,-0.715641 0.277711,-1.014714 0.395204,-0.53406 1.655586,-1.698311 1.837166,-1.698311 0.09613,0 0.416567,0.224305 0.715642,0.502016 z"
       id="path916" />
    <path
       d="m 47.07828,41.827485 c -0.181581,0.138856 -0.1709,0.149537 0.160218,0.160218 0.352479,0 0.459291,-0.138856 0.192261,-0.245668 -0.08545,-0.03204 -0.234986,0.01068 -0.352479,0.08545 z"
       id="path918" />
    <path
       d="m 47.79392,41.880891 c 0,0.05341 0.09613,0.106812 0.213624,0.106812 0.117493,0 0.213624,-0.05341 0.213624,-0.106812 0,-0.06409 -0.09613,-0.106812 -0.213624,-0.106812 -0.117493,0 -0.213624,0.04272 -0.213624,0.106812 z"
       id="path920" />
    <path
       d="m 46.832612,42.735387 c 0,0.18158 0.405886,0.523379 0.694278,0.598147 0.170899,0.04272 0.341798,0.01068 0.459292,-0.08545 0.09613,-0.08545 0.26703,-0.192262 0.373842,-0.224306 0.106812,-0.04272 0.160218,-0.117493 0.128174,-0.18158 -0.07477,-0.117493 -0.416567,0.02136 -0.53406,0.213624 -0.09613,0.149537 -0.44861,0.128174 -0.555422,-0.03204 -0.128175,-0.192261 -0.566104,-0.416566 -0.566104,-0.288392 z"
       id="path922" />
    <path
       d="m 89.920573,39.477621 c -0.09613,0.234986 0.01068,0.309755 0.160218,0.117493 0.08545,-0.106812 0.09613,-0.170899 0.01068,-0.224305 -0.05341,-0.03204 -0.138856,0.01068 -0.170899,0.106812 z"
       id="path924" />
    <path
       d="m 60.290924,39.691245 c 0,0.08545 0.05341,0.160218 0.106812,0.160218 0.06409,0 0.170899,0.117493 0.234986,0.26703 0.06409,0.149537 0.202943,0.26703 0.299074,0.26703 0.106812,0 0.384523,0.202943 0.630191,0.437929 0.320436,0.331117 0.502016,0.427248 0.662234,0.384523 0.160218,-0.04272 0.245668,0 0.277711,0.149537 0.05341,0.170899 0.138856,0.202943 0.43793,0.181581 0.544741,-0.04273 0.566103,-0.277712 0.03204,-0.363161 -0.234986,-0.04273 -0.491335,-0.138856 -0.555422,-0.213624 -0.06409,-0.08545 -0.213624,-0.149537 -0.320436,-0.149537 -0.117493,0 -0.202943,-0.05341 -0.202943,-0.106812 0,-0.06409 -0.07477,-0.106812 -0.160218,-0.106812 -0.09613,0 -0.192262,-0.07477 -0.224305,-0.160218 -0.04272,-0.08545 -0.138856,-0.160218 -0.224305,-0.160218 -0.08545,0 -0.309755,-0.170899 -0.502017,-0.373842 -0.395204,-0.405886 -0.491335,-0.459292 -0.491335,-0.213624 z"
       id="path926" />
    <path
       d="m 89.279701,40.118493 c -0.04273,0.08545 -0.128175,0.160218 -0.202943,0.160218 -0.06409,0 -0.256349,0.117493 -0.416567,0.26703 -0.160218,0.149537 -0.405885,0.299074 -0.544741,0.331117 -0.373842,0.09613 -0.331117,0.256349 0.05341,0.256349 0.18158,0 0.320436,-0.05341 0.320436,-0.138856 0,-0.06409 0.138856,-0.192261 0.299074,-0.26703 0.320436,-0.138855 0.854496,-0.769046 0.662234,-0.769046 -0.06409,0 -0.138856,0.07477 -0.170899,0.160218 z"
       id="path928" />
    <path
       d="m 101.30673,41.037076 c -0.43793,0.234987 -1.28174,1.100164 -1.28174,1.313788 0,0.08545 -0.07477,0.170899 -0.16022,0.213624 -0.128174,0.04273 -0.160218,0.277711 -0.160218,1.110845 0,0.811771 0.04272,1.089482 0.160218,1.196294 0.08545,0.07477 0.16022,0.213624 0.16022,0.320436 0,0.202943 0.80109,1.06812 0.99335,1.06812 0.0641,0 0.19226,0.07477 0.29907,0.170899 0.27771,0.256349 2.42464,0.256349 2.57417,0.01068 0.0534,-0.106812 0.18158,-0.18158 0.27771,-0.18158 0.19227,0 0.98267,-0.833134 0.98267,-1.025395 0,-0.06409 0.0748,-0.181581 0.16022,-0.256349 0.23499,-0.202943 0.1709,-1.004033 -0.0748,-1.046758 -0.14953,-0.03204 -0.20294,0.06409 -0.25635,0.405886 -0.0427,0.256349 -0.16021,0.512698 -0.30975,0.61951 -0.12817,0.106812 -0.26703,0.288392 -0.30975,0.395204 -0.12818,0.427248 -0.74769,0.790409 -1.46333,0.854496 -0.91858,0.09613 -1.30311,-0.08545 -2.09351,-0.98267 -0.60883,-0.694278 -0.64088,-0.758366 -0.70496,-1.431281 -0.0748,-0.833134 -0.0107,-1.164251 0.23498,-1.164251 0.10681,0 0.32044,-0.192262 0.50202,-0.427248 0.1709,-0.234986 0.38452,-0.427248 0.48065,-0.427248 0.0961,0 0.25635,-0.09613 0.36316,-0.213624 0.16022,-0.18158 0.33112,-0.213624 0.98267,-0.213624 0.83314,0 0.83314,0 1.63423,0.769046 0.23498,0.224306 0.49133,0.405886 0.58746,0.405886 0.19227,0 0.20295,0.05341 0.0534,0.320436 -0.0641,0.128174 -0.0641,0.288392 -0.0107,0.44861 0.0641,0.149537 0.10681,0.181581 0.10681,0.07477 0.0107,-0.09613 0.10681,-0.277711 0.22431,-0.416567 0.11749,-0.138856 0.21362,-0.26703 0.21362,-0.299074 0,-0.234986 -1.22834,-1.506049 -1.45264,-1.51673 -0.0641,0 -0.18158,-0.07477 -0.25635,-0.160218 -0.20294,-0.245668 -1.95466,-0.202943 -2.45668,0.06409 z"
       id="path930" />
    <path
       d="m 86.940518,41.33615 c -0.08545,0.160218 0.309755,0.331117 0.737003,0.331117 0.363161,0 0.373842,-0.01068 0.256349,-0.213624 -0.09613,-0.149537 -0.256349,-0.213624 -0.53406,-0.213624 -0.213624,0 -0.416567,0.04273 -0.459292,0.09613 z"
       id="path932" />
    <path
       d="m 63.762314,41.549774 c -0.309755,0.07477 -0.320436,0.07477 -0.08545,0.202943 0.160218,0.08545 0.587466,0.117493 1.33515,0.08545 1.570137,-0.07477 7.423434,-0.07477 7.936132,-0.01068 0.234986,0.03204 0.704959,0.128174 1.046758,0.213624 0.822452,0.213624 1.634223,0.202943 2.392588,-0.02136 0.53406,-0.160218 1.249701,-0.192262 5.415369,-0.213624 3.193679,-0.01068 4.827902,-0.05341 4.902671,-0.128175 0.08545,-0.08545 -3.182998,-0.117493 -10.94823,-0.117493 -6.077603,0 -11.193898,-0.02136 -11.364797,-0.04272 -0.170899,-0.02136 -0.448611,-0.01068 -0.630191,0.03204 z"
       id="path934" />
    <path
       d="m 74.785312,42.382907 c -0.128174,0.117494 -0.08545,0.726322 0.05341,0.865178 0.363161,0.36316 0.929265,-0.138856 0.737003,-0.662235 -0.08545,-0.213624 -0.18158,-0.277711 -0.416567,-0.277711 -0.170899,0 -0.341798,0.03204 -0.373842,0.07477 z"
       id="path936" />
    <path
       d="m 76.483623,42.446995 c -0.234986,0.170899 -0.192261,0.694278 0.07477,0.865177 0.416566,0.26703 0.811771,-0.459292 0.44861,-0.833134 -0.213624,-0.202943 -0.277711,-0.213624 -0.523379,-0.03204 z"
       id="path938" />
    <path
       d="m 101.79807,42.393589 c -0.0641,0.106812 0.70496,0.98267 0.86517,0.98267 0.1175,0 0.77973,-0.811771 0.77973,-0.950627 0,-0.149537 -0.28839,-0.149537 -0.38452,0 -0.0641,0.117493 -0.42725,0.08545 -0.96131,-0.06409 -0.12817,-0.04272 -0.26703,-0.02136 -0.29907,0.03204 z"
       id="path940" />
    <path
       d="m 71.580952,42.489719 c -0.128174,0.128175 -0.07477,0.640872 0.08545,0.779728 0.35248,0.288392 0.779728,-0.08545 0.651553,-0.566104 -0.05341,-0.224305 -0.128174,-0.288392 -0.373842,-0.288392 -0.160218,0 -0.331117,0.03204 -0.363161,0.07477 z"
       id="path942" />
    <path
       d="m 73.151089,42.692662 c -0.08545,0.341799 0.05341,0.61951 0.352479,0.662235 0.288393,0.04272 0.480654,-0.224306 0.43793,-0.587466 -0.02136,-0.245668 -0.08545,-0.309755 -0.373842,-0.331118 -0.299074,-0.03204 -0.35248,0 -0.416567,0.256349 z"
       id="path944" />
    <path
       d="m 77.989672,42.489719 c -0.117493,0.117494 -0.08545,0.61951 0.05341,0.758366 0.35248,0.352479 0.97199,-0.1709 0.726322,-0.608829 -0.106812,-0.213624 -0.61951,-0.320436 -0.779728,-0.149537 z"
       id="path946" />
    <path
       d="m 100.9863,42.895605 c 0,0.02136 0.0961,0.224305 0.2243,0.437929 0.21363,0.384523 0.22431,0.608829 0.0427,1.025395 -0.1175,0.299074 0.18158,0.234987 0.5661,-0.106812 0.40589,-0.36316 0.41657,-0.416566 0.10681,-0.683596 -0.13885,-0.117494 -0.37384,-0.320436 -0.53406,-0.469973 -0.28839,-0.245668 -0.40588,-0.309755 -0.40588,-0.202943 z"
       id="path948" />
    <path
       d="m 103.57115,43.354897 -0.56611,0.491335 0.56611,0.512697 c 0.30975,0.277712 0.57678,0.480654 0.60882,0.459292 0.0214,-0.03204 -0.0427,-0.26703 -0.14953,-0.544741 -0.1709,-0.469973 -0.1709,-0.502017 0,-0.907902 0.10681,-0.234987 0.1709,-0.437929 0.14953,-0.459292 -0.0214,-0.03204 -0.29907,0.170899 -0.60882,0.448611 z"
       id="path950" />
    <path
       d="m 72.424767,44.00645 c -0.202943,0.224305 -0.138855,0.502016 0.149537,0.651553 0.277711,0.149537 0.53406,0.02136 0.53406,-0.26703 0,-0.587466 -0.331117,-0.779728 -0.683597,-0.384523 z"
       id="path952" />
    <path
       d="m 74.091034,43.931681 c -0.320436,0.320436 -0.02136,0.918584 0.405886,0.779728 0.213624,-0.06409 0.277711,-0.395204 0.149537,-0.737003 -0.07477,-0.202943 -0.373842,-0.224305 -0.555423,-0.04273 z"
       id="path954" />
    <path
       d="m 75.629127,44.00645 c -0.202943,0.224305 -0.138855,0.502016 0.149537,0.651553 0.299074,0.160218 0.53406,0.01068 0.53406,-0.309755 0,-0.512697 -0.363161,-0.694278 -0.683597,-0.341798 z"
       id="path956" />
    <path
       d="m 77.241988,43.995769 c -0.234986,0.256348 -0.224305,0.373842 0.02136,0.598147 0.299073,0.26703 0.651553,0.138855 0.651553,-0.245668 0,-0.512697 -0.363161,-0.704959 -0.672916,-0.352479 z"
       id="path958" />
    <path
       d="m 59.372341,44.070537 c -0.106812,0.08545 -0.309755,0.160218 -0.427248,0.160218 -0.128175,0 -0.288393,0.07477 -0.363161,0.160218 -0.07477,0.08545 -0.213624,0.160218 -0.309755,0.160218 -0.09613,0 -0.299073,0.117493 -0.459291,0.26703 -0.160218,0.149537 -0.341799,0.26703 -0.405886,0.26703 -0.26703,0 -1.388556,1.591499 -1.388556,1.976022 0,0.07477 -0.07477,0.192262 -0.160218,0.26703 -0.09613,0.08545 -0.160218,0.309755 -0.160218,0.598147 0,0.245668 -0.04273,0.491335 -0.106812,0.523379 -0.05341,0.03204 -0.106812,0.416567 -0.106812,0.854496 0,0.437929 0.05341,0.822452 0.106812,0.854496 0.06409,0.03204 0.106812,0.309755 0.106812,0.598147 0,0.373842 0.04272,0.544741 0.160218,0.587466 0.08545,0.04272 0.160218,0.181581 0.160218,0.320436 0,0.149537 0.07477,0.288393 0.160218,0.320436 0.08545,0.04272 0.160218,0.138856 0.160218,0.234987 0,0.170899 0.03204,0.213624 0.80109,0.98267 0.662234,0.672916 0.769046,0.747684 1.004033,0.747684 0.106812,0 0.224305,0.07477 0.26703,0.160218 0.06409,0.170899 0.598147,0.224305 0.598147,0.06409 0,-0.05341 -0.202943,-0.202943 -0.44861,-0.331117 -0.502017,-0.256349 -1.634224,-1.356512 -1.794442,-1.730354 -0.06409,-0.138856 -0.149537,-0.320436 -0.202943,-0.405886 -0.44861,-0.790409 -0.491335,-1.004033 -0.491335,-2.296458 0,-1.260382 0.106812,-1.751717 0.491335,-2.40327 0.05341,-0.08545 0.138856,-0.256349 0.202943,-0.373842 0.309755,-0.672916 1.976022,-1.965341 2.531444,-1.976022 0.106812,0 0.288393,-0.07477 0.395205,-0.160218 0.309755,-0.234986 2.275095,-0.224305 2.809155,0.02136 0.224306,0.09613 0.61951,0.26703 0.88654,0.395205 0.608828,0.26703 1.815804,1.474005 2.104196,2.093515 0.555423,1.185613 0.566104,1.239019 0.566104,2.392589 0,1.110845 -0.05341,1.345831 -0.491335,2.232371 -0.08545,0.170899 -0.149537,0.373842 -0.149537,0.459291 0,0.08545 -0.07477,0.181581 -0.160218,0.213624 -0.08545,0.04272 -0.160218,0.106812 -0.160218,0.160218 0,0.117493 -1.174932,1.271063 -1.292425,1.271063 -0.05341,0 -0.09613,0.04272 -0.09613,0.106812 0,0.05341 0.09613,0.106812 0.213624,0.106812 0.117493,0 0.213624,-0.07477 0.213624,-0.160218 0,-0.08545 0.06409,-0.160218 0.149537,-0.160218 0.08545,0 0.170899,-0.07477 0.213624,-0.160218 0.03204,-0.08545 0.128174,-0.160218 0.224305,-0.160218 0.08545,0 0.160218,-0.06409 0.160218,-0.149537 0,-0.08545 0.149537,-0.213624 0.320436,-0.299073 0.18158,-0.07477 0.320436,-0.224306 0.320436,-0.320436 0,-0.106812 0.07477,-0.192262 0.160218,-0.192262 0.08545,0 0.160218,-0.09613 0.160218,-0.213624 0,-0.117493 0.07477,-0.245668 0.160218,-0.277711 0.08545,-0.04272 0.128174,-0.106812 0.09613,-0.160218 -0.03204,-0.05341 0.02136,-0.256349 0.117493,-0.448611 0.277711,-0.523378 0.363161,-3.172316 0.117493,-3.535477 -0.09613,-0.149537 -0.170899,-0.395204 -0.170899,-0.544741 0,-0.170899 -0.06409,-0.26703 -0.160218,-0.26703 -0.09613,0 -0.160218,-0.09613 -0.160218,-0.26703 0,-0.170899 -0.06409,-0.26703 -0.160218,-0.26703 -0.09613,0 -0.160218,-0.09613 -0.160218,-0.26703 0,-0.170899 -0.06409,-0.26703 -0.160218,-0.26703 -0.08545,0 -0.160218,-0.06409 -0.160218,-0.138856 -0.01068,-0.138855 -0.875858,-0.822452 -1.057439,-0.822452 -0.05341,0 -0.117493,-0.07477 -0.160218,-0.160218 -0.03204,-0.08545 -0.149537,-0.160218 -0.26703,-0.160218 -0.106812,0 -0.224305,-0.07477 -0.26703,-0.160218 -0.03204,-0.08545 -0.192261,-0.160218 -0.352479,-0.160218 -0.160218,0 -0.395205,-0.07477 -0.502017,-0.160218 -0.299073,-0.224305 -2.926649,-0.224305 -3.225722,-10e-7 z"
       id="path960" />
    <path
       d="m 87.677521,44.070537 c -0.106812,0.08545 -0.288393,0.160218 -0.395205,0.160218 -0.234986,0 -0.71564,0.256349 -1.2497,0.651553 -0.202943,0.149537 -0.437929,0.256349 -0.502016,0.234987 -0.07477,-0.03204 -0.138856,0.01068 -0.138856,0.09613 0,0.07477 -0.138856,0.256349 -0.320436,0.405886 -0.170899,0.149537 -0.320436,0.320436 -0.320436,0.395204 0,0.07477 -0.04273,0.138856 -0.106812,0.138856 -0.05341,0 -0.106812,0.05341 -0.106812,0.128174 0,0.06409 -0.117493,0.373842 -0.26703,0.683597 -0.149537,0.320436 -0.331117,0.822453 -0.395204,1.132207 -0.213624,0.950627 -0.09613,2.958693 0.192261,3.193679 0.08545,0.06409 0.149537,0.213624 0.149537,0.320436 0,0.09613 0.06409,0.256349 0.149537,0.341799 0.08545,0.07477 0.245667,0.320436 0.352479,0.523378 0.117494,0.213624 0.277712,0.448611 0.363161,0.544742 0.08545,0.08545 0.245668,0.288392 0.35248,0.437929 0.106812,0.149537 0.26703,0.277711 0.352479,0.277711 0.09613,0 0.35248,0.149537 0.576785,0.331117 0.234987,0.181581 0.491335,0.309755 0.566104,0.277711 0.08545,-0.03204 0.213624,0.01068 0.277711,0.09613 0.138856,0.160218 0.961308,0.213624 0.961308,0.05341 0,-0.05341 -0.192262,-0.117493 -0.427248,-0.160218 -0.234986,-0.03204 -0.427248,-0.117493 -0.427248,-0.170899 0,-0.05341 -0.128174,-0.138856 -0.288392,-0.170899 -0.160218,-0.04273 -0.363161,-0.128175 -0.448611,-0.192262 -0.395204,-0.299073 -1.51673,-1.474005 -1.612861,-1.687629 -0.06409,-0.138856 -0.149537,-0.320436 -0.202943,-0.405886 -0.373842,-0.61951 -0.459291,-1.100164 -0.459291,-2.31782 0,-1.228338 0.01068,-1.292426 0.384523,-2.082834 0.384523,-0.822453 1.345831,-2.008066 1.623542,-2.008066 0.08545,0 0.181581,-0.07477 0.213624,-0.160218 0.04273,-0.08545 0.138856,-0.160218 0.234987,-0.160218 0.08545,0 0.245667,-0.06409 0.331117,-0.138856 0.09613,-0.07477 0.416567,-0.224305 0.726321,-0.331117 0.640872,-0.224305 2.40327,-0.202943 3.02278,0.04273 1.206976,0.459292 1.901254,0.950627 2.478038,1.741036 0.224306,0.309754 0.459292,0.608828 0.512698,0.683596 0.06409,0.07477 0.106812,0.213624 0.106812,0.320436 0,0.106812 0.08545,0.309755 0.18158,0.459292 0.26703,0.373842 0.26703,2.830518 0,3.236404 -0.09613,0.149536 -0.18158,0.352479 -0.18158,0.437929 0,0.18158 -0.309755,0.769046 -0.53406,1.025395 -0.08545,0.09613 -0.277711,0.320436 -0.427248,0.491335 -0.149537,0.181581 -0.35248,0.35248 -0.44861,0.395205 -0.256349,0.09613 -0.245668,0.288392 0.02136,0.288392 0.117493,0 0.213624,-0.04273 0.213624,-0.09613 0,-0.05341 0.106812,-0.117493 0.245668,-0.160218 0.405885,-0.09613 0.843814,-0.53406 0.758365,-0.747684 -0.06409,-0.160218 -0.03204,-0.18158 0.149537,-0.117493 0.202942,0.05341 0.234986,0.02136 0.234986,-0.202943 0,-0.149537 0.05341,-0.299073 0.106812,-0.331117 0.06409,-0.03204 0.106812,-0.202943 0.106812,-0.363161 0,-0.170899 0.07477,-0.363161 0.160218,-0.437929 0.106812,-0.08545 0.160218,-0.331117 0.160218,-0.758365 0,-0.341799 0.05341,-0.651553 0.117493,-0.694278 0.06409,-0.03204 0.08545,-0.181581 0.04273,-0.35248 -0.04273,-0.149537 -0.09613,-0.619509 -0.117493,-1.025395 -0.05341,-0.843815 -0.192262,-1.367194 -0.427248,-1.548774 -0.07477,-0.07477 -0.149537,-0.224305 -0.149537,-0.341798 0,-0.106812 -0.07477,-0.224306 -0.160218,-0.256349 -0.08545,-0.04272 -0.160218,-0.128175 -0.160218,-0.213624 0,-0.08545 -0.05341,-0.149537 -0.106812,-0.149537 -0.06409,0 -0.149537,-0.08545 -0.18158,-0.18158 -0.08545,-0.224306 -0.427248,-0.566104 -0.566104,-0.566104 -0.128174,0 -0.341798,-0.160218 -0.608828,-0.437929 -0.08545,-0.09613 -0.256349,-0.149537 -0.363161,-0.128175 -0.117493,0.03204 -0.224305,-0.01068 -0.26703,-0.117493 -0.04273,-0.106812 -0.192262,-0.170899 -0.416567,-0.170899 -0.192262,0 -0.405886,-0.07477 -0.480654,-0.160218 -0.192262,-0.234986 -2.85188,-0.234986 -3.161635,0 z"
       id="path962" />
    <path
       d="m 102.13987,44.775496 c -0.46998,0.512698 -0.43793,0.726322 0.0748,0.416567 0.38453,-0.234986 0.84382,-0.202943 0.95063,0.06409 0.0641,0.170899 0.27771,0.202943 0.27771,0.03204 0,-0.149537 -0.67291,-0.950627 -0.80109,-0.950627 -0.0534,0 -0.28839,0.202943 -0.50201,0.437929 z"
       id="path964" />
    <path
       d="m 60.013213,45.854297 c -0.03204,0.04272 -0.138856,0.08545 -0.245668,0.08545 -0.106812,0 -0.299073,0.09613 -0.437929,0.213624 -0.138856,0.117493 -0.299074,0.213624 -0.373842,0.213624 -0.160218,0 -0.907902,0.779728 -0.907902,0.961308 0,0.07477 -0.07477,0.224305 -0.170899,0.331117 -0.170899,0.181581 -0.138856,0.523379 0.03204,0.523379 0.04272,0 0.192262,-0.170899 0.331118,-0.373842 0.36316,-0.566104 1.441962,-1.303106 2.125558,-1.452643 0.566104,-0.128175 1.33515,-0.06409 2.317821,0.18158 0.234986,0.05341 0.299073,0.04272 0.256349,-0.07477 -0.03204,-0.08545 -0.149537,-0.160218 -0.277712,-0.181581 -0.117493,-0.02136 -0.277711,-0.106812 -0.341798,-0.192261 -0.07477,-0.08545 -0.234986,-0.149537 -0.373842,-0.149537 -0.128174,0 -0.26703,-0.03204 -0.309755,-0.08545 -0.106812,-0.106812 -1.559455,-0.106812 -1.623542,0 z"
       id="path966" />
    <path
       d="m 88.264987,45.864979 c -0.202943,0.07477 -0.502017,0.213624 -0.662235,0.309754 -0.149536,0.106812 -0.320436,0.192262 -0.36316,0.192262 -0.192262,0 -1.004033,1.025395 -0.950627,1.206976 0.02136,0.106812 -0.04273,0.245667 -0.160218,0.320436 -0.234987,0.149536 -0.26703,0.288392 -0.05341,0.288392 0.07477,0 0.384523,-0.277711 0.672915,-0.61951 0.726322,-0.833133 1.4206,-1.196294 2.413952,-1.271062 0.598147,-0.04272 0.854496,-0.02136 1.121526,0.117493 0.416566,0.213624 0.769046,0.224305 0.769046,0.01068 0,-0.08545 -0.08545,-0.160218 -0.202943,-0.160218 -0.106812,0 -0.256349,-0.06409 -0.320436,-0.149537 -0.245667,-0.288392 -1.655586,-0.44861 -2.264414,-0.245667 z"
       id="path968" />
    <path
       d="m 91.266404,46.794243 c 0.202943,0.138856 0.320436,0.138856 0.320436,0 0,-0.06409 -0.106812,-0.106812 -0.234986,-0.106812 -0.202943,0 -0.213624,0.02136 -0.08545,0.106812 z"
       id="path972" />
    <path
       d="m 74.689182,53.202963 c -1.23902,0.05341 -1.60218,0.117493 -1.452644,0.26703 0.03204,0.03204 0.939946,0.04272 2.018747,0.03204 1.506049,-0.02136 1.911935,-0.06409 1.751717,-0.149537 -0.320436,-0.181581 -0.822452,-0.213624 -2.31782,-0.149537 z"
       id="path994" />
    <path
       d="m 72.787928,54.046778 c 0,0.245667 0.05341,0.437929 0.106812,0.437929 0.06409,0 0.106812,-0.149537 0.106812,-0.320436 0,-0.18158 0,-0.35248 0.01068,-0.395204 0,-0.04272 -0.04272,-0.09613 -0.106812,-0.117494 -0.07477,-0.02136 -0.117493,0.128175 -0.117492,0.395205 z"
       id="path996" />
    <path
       d="m 77.274032,54.121546 c 0,0.480654 0.256349,0.448611 0.299074,-0.04273 0.02136,-0.256348 -0.01068,-0.341798 -0.128175,-0.341798 -0.128174,0 -0.170899,0.106812 -0.170899,0.384523 z"
       id="path998" />
    <path
       d="m 63.206892,54.025415 c -0.234987,0.08545 -0.149537,0.245668 0.138855,0.245668 0.160218,0 0.256349,-0.05341 0.234987,-0.128174 -0.05341,-0.149537 -0.192262,-0.192262 -0.373842,-0.117494 z"
       id="path1000" />
    <path
       d="m 91.373216,54.164271 c 0,0.05341 0.07477,0.106812 0.160218,0.106812 0.08545,0 0.160218,-0.05341 0.160218,-0.106812 0,-0.06409 -0.07477,-0.106812 -0.160218,-0.106812 -0.08545,0 -0.160218,0.04272 -0.160218,0.106812 z"
       id="path1002" />
    <path
       d="m 59.244166,54.345851 c -0.202942,0.07477 -0.04272,0.245668 0.256349,0.245668 0.288393,0 0.341799,-0.160218 0.08545,-0.256349 -0.09613,-0.03204 -0.170899,-0.06409 -0.181581,-0.05341 -0.01068,0 -0.08545,0.03204 -0.160218,0.06409 z"
       id="path1004" />
    <path
       d="m 62.160134,54.484707 c 0.03204,0.05341 0.234986,0.106812 0.437929,0.106812 0.224305,0 0.35248,-0.04272 0.309755,-0.106812 -0.03204,-0.06409 -0.234986,-0.106812 -0.437929,-0.106812 -0.224305,0 -0.35248,0.04272 -0.309755,0.106812 z"
       id="path1006" />
    <path
       d="m 90.625532,54.484707 c 0,0.05341 0.09613,0.106812 0.213624,0.106812 0.117493,0 0.213624,-0.05341 0.213624,-0.106812 0,-0.06409 -0.09613,-0.106812 -0.213624,-0.106812 -0.117493,0 -0.213624,0.04272 -0.213624,0.106812 z"
       id="path1008" />
    <path
       d="m 73.941498,54.676969 c -0.694278,0.03204 -0.918584,0.138855 -0.555423,0.277711 0.213624,0.08545 2.371227,0.06409 3.129592,-0.02136 0.320436,-0.04272 0.598147,-0.128174 0.619509,-0.18158 0.03204,-0.106812 -1.60218,-0.149537 -3.193678,-0.07477 z"
       id="path1010" />
    <path
       d="m 60.931796,54.805143 c 0,0.138856 0.213624,0.138856 0.427248,0 0.128174,-0.08545 0.09613,-0.106812 -0.128174,-0.106812 -0.1709,0 -0.299074,0.04272 -0.299074,0.106812 z"
       id="path1012" />
    <path
       d="m 89.130164,54.805143 c 0,0.05341 0.117493,0.106812 0.26703,0.106812 0.149537,0 0.26703,-0.05341 0.26703,-0.106812 0,-0.06409 -0.117493,-0.106812 -0.26703,-0.106812 -0.149537,0 -0.26703,0.04272 -0.26703,0.106812 z"
       id="path1014" />
    <path
       d="m 106.08123,64.172555 c -0.13886,0.128175 -0.0748,0.576785 0.0854,0.630191 0.0961,0.04273 0.16022,0.202943 0.16022,0.373842 0,0.170899 0.0961,0.405886 0.21362,0.523379 0.12817,0.128174 0.19226,0.26703 0.16022,0.320436 -0.10681,0.170899 0.0534,0.53406 0.2243,0.53406 0.20295,0 0.20295,-0.630191 -0.0107,-0.704959 -0.0961,-0.04272 -0.16022,-0.202943 -0.16022,-0.416567 0,-0.192262 -0.0748,-0.405886 -0.16021,-0.480654 -0.0854,-0.07477 -0.16022,-0.224305 -0.16022,-0.320436 0,-0.405886 -0.18158,-0.640872 -0.35248,-0.459292 z"
       id="path1016" />
    <path
       d="m 106.98913,67.003073 c 0.032,0.395205 0.40589,0.587466 0.40589,0.213624 0,-0.331117 -0.1175,-0.555422 -0.2884,-0.555422 -0.10681,0 -0.13885,0.09613 -0.11749,0.341798 z"
       id="path1018" />
    <path
       d="m 107.35229,67.68667 c -0.0854,0.213624 0.032,0.683597 0.16022,0.683597 0.16022,0 0.23499,-0.288392 0.16022,-0.587466 -0.0748,-0.299074 -0.22431,-0.35248 -0.32044,-0.09613 z"
       id="path1020" />
    <path
       d="m 107.65136,68.744109 c -0.0748,0.309755 0.13886,0.662234 0.30976,0.491335 0.11749,-0.117493 0,-0.758365 -0.14954,-0.758365 -0.0534,0 -0.11749,0.117493 -0.16022,0.26703 z"
       id="path1022" />
    <path
       d="m 107.99316,69.598605 c -0.0641,0.192262 0.0214,0.480654 0.16022,0.480654 0.0534,0 0.0961,-0.149537 0.0961,-0.320436 0,-0.341798 -0.14953,-0.427248 -0.25635,-0.160218 z"
       id="path1024" />
    <path
       d="m 108.35632,70.666725 c 0,0.202943 0.0534,0.373842 0.10682,0.373842 0.0641,0 0.10681,-0.170899 0.10681,-0.373842 0,-0.202943 -0.0427,-0.373842 -0.10681,-0.373842 -0.0534,0 -0.10682,0.170899 -0.10682,0.373842 z"
       id="path1026" />
    <path
       d="m 108.63404,71.595989 c -0.0748,0.288393 0.11749,0.523379 0.24566,0.309755 0.0961,-0.160218 0.032,-0.544741 -0.0961,-0.544741 -0.0427,0 -0.10681,0.106812 -0.14953,0.234986 z"
       id="path1028" />
    <path
       d="m 108.9972,72.696153 c 0,0.202943 0.0534,0.373842 0.10681,0.373842 0.0641,0 0.10681,-0.170899 0.10681,-0.373842 0,-0.202943 -0.0427,-0.373842 -0.10681,-0.373842 -0.0534,0 -0.10681,0.170899 -0.10681,0.373842 z"
       id="path1030" />
    <path
       d="m 109.31763,73.657461 c 0,0.234986 0.0641,0.405886 0.16022,0.437929 0.0961,0.04273 0.16022,0.202943 0.16022,0.373842 0,0.170899 0.0534,0.309755 0.10681,0.309755 0.16022,0 0.12817,-0.363161 -0.0534,-0.704959 -0.0854,-0.170899 -0.16021,-0.416567 -0.16021,-0.555423 0,-0.128174 -0.0427,-0.234986 -0.10682,-0.234986 -0.0534,0 -0.10681,0.170899 -0.10681,0.373842 z"
       id="path1032" />
    <path
       d="m 109.9585,75.419859 c 0,0.117493 0.0534,0.213624 0.10682,0.213624 0.0641,0 0.10681,-0.09613 0.10681,-0.213624 0,-0.117493 -0.0427,-0.213624 -0.10681,-0.213624 -0.0534,0 -0.10682,0.09613 -0.10682,0.213624 z"
       id="path1034" />

</g></svg>