<?xml version="1.0" encoding="UTF-8" standalone="no"?>
<!-- Created with Inkscape (http://www.inkscape.org/) -->

<svg
   class="scaling-svg"
   viewBox="-18 -10 400 200"
   preserveAspectRatio="xMidYMin slice"
   width="100%" 
   version="1.1"
   id="svg5"
   >
  <g
     dark 
     transform="scale(2.4)"
     stroke-width="0.3" 
     font-family="Noto Sans JP" 
     font-size="4px"
     >
    <g
       id="g2836"
       transform="rotate(90,88.76102,33.991695)">
      <path
         id="path21993"
         style="fill:#000000;stroke:none;stroke-width:0.00011069;stroke-miterlimit:4;stroke-dasharray:none"
         d="m 101.52421,20.861892 c -0.61178,0.0059 -0.66593,0.05795 -0.74211,0.196441 h 6.8e-4 c -0.0665,0.121882 -0.12209,0.298953 -0.12209,0.376513 0,0.110794 -0.28786,0.133507 -1.329387,0.100261 -0.731286,-0.02216 -1.418439,-1.48e-4 -1.529238,0.05525 -0.09972,0.04432 -0.409862,0.08851 -0.686864,0.09959 -1.673095,0.06648 -3.25767,0.686865 -4.299199,1.684074 -0.07756,0.07756 -0.188437,0.14392 -0.221676,0.14392 -0.155124,0 -1.274068,1.595785 -1.551069,2.205189 -0.443203,0.98613 -0.49879,1.451796 -0.532029,4.332621 l -0.02183,2.714026 -0.54294,0.03342 c -0.288082,0.02216 -0.576381,0.07777 -0.620701,0.122093 -0.15512,0.155122 -0.08879,7.556739 0.05525,7.745105 0.08865,0.09972 0.254675,0.132826 0.509519,0.09959 0.199441,-0.03324 0.432124,-0.04415 0.498603,-0.01096 0.09972,0.03323 0.122423,1.783893 0.100262,7.39042 -0.01109,4.033156 -0.0225,7.389937 -0.0225,7.467494 0,0.07756 -0.221802,0.14427 -0.576363,0.166431 l -0.587277,0.03342 -0.03275,3.811504 c -0.02216,2.858666 0.01082,3.844459 0.110504,3.966339 0.08865,0.110794 0.254675,0.144431 0.509518,0.111177 0.199442,-0.03324 0.432125,-0.04484 0.498604,-0.01162 0.09972,0.03324 0.121908,1.00865 0.08867,4.011358 -0.02216,2.803263 0.01162,4.210571 0.100261,4.842138 0.177283,1.074769 0.741916,2.382292 1.162961,2.670376 0.675884,0.465364 0.964258,0.797436 0.842378,1.019039 -0.03214,0.06428 -0.05687,0.176605 -0.07504,0.296708 a 6.4317203,5.0024495 0 0 1 1.575623,0.810319 c 0.05764,-0.05471 0.152212,-0.02047 0.304893,0.111863 0.121882,0.121882 0.431672,0.321307 0.664353,0.454269 0.576165,0.299164 0.787266,0.155135 0.687544,-0.454269 -0.04432,-0.243762 -0.01122,-0.531908 0.05525,-0.67595 0.18836,-0.365642 0.675374,-0.73103 0.985614,-0.742111 0.155121,0 0.34397,-0.04435 0.42153,-0.08867 0.110794,-0.07756 0.133007,-5.385277 0.133007,-26.681222 0,-25.029936 0.01082,-26.6145 0.199172,-26.969062 0.132952,-0.288084 0.243731,-0.376331 0.409933,-0.34309 0.121881,0.02216 0.731414,0.04418 1.351899,0.05525 0.919645,0.01109 1.163185,-0.02206 1.329385,-0.188256 0.18836,-0.166201 0.47674,-0.188256 2.3382,-0.188256 3.10243,0 4.5209,0.265501 6.55963,1.25163 2.07198,1.008289 3.74507,2.537706 4.8974,4.509963 0.26592,0.454284 0.55337,0.997106 0.63093,1.185468 0.1662,0.398883 0.39931,0.465606 0.74279,0.210766 0.21053,-0.155123 0.19947,-0.166764 -0.0443,-0.643209 -1.97226,-3.800472 -5.07476,-6.193646 -9.10792,-7.035734 -0.53184,-0.110794 -1.69553,-0.188439 -3.29107,-0.221677 -0.89332,-0.02078 -1.46092,-0.03358 -1.82799,-0.03002 z m -5.132707,1.898932 c 0.281894,-0.0084 0.493891,0.03322 0.535442,0.137099 0.121881,0.321323 -0.08862,0.775049 -0.409936,0.85261 -0.310244,0.08865 -0.731878,0.398901 -0.731878,0.542942 0,0.09972 0.676176,0.07806 0.842378,-0.03273 0.07756,-0.04432 0.155013,-0.01135 0.188255,0.06617 0.02216,0.06649 0.02216,2.349194 0,5.063818 -0.06648,7.534464 -0.03305,27.855112 0.03342,28.398034 0.04432,0.332407 0.01069,0.686821 -0.111177,1.052464 -0.155119,0.465362 -0.165879,0.676132 -0.06617,1.207975 0.0554,0.354565 0.11049,1.894525 0.11049,3.456821 -0.01109,2.448703 -0.03277,2.781493 -0.165743,2.60421 -0.144043,-0.199441 -0.155352,-0.188482 -0.166433,0.143922 0,0.221598 0.05528,0.365596 0.143921,0.365596 0.132963,0 0.144243,0.155327 0.07776,6.016696 -0.02216,1.750657 -0.05546,2.21612 -0.177342,2.26044 -0.08865,0.03324 -0.154834,0.165958 -0.154834,0.287838 0,0.321325 -0.7538,0.986268 -1.019725,0.89763 -0.121868,-0.03324 -0.277123,-0.01122 -0.354683,0.05525 -0.07756,0.06648 -0.32099,0.110675 -0.520431,0.09959 -0.210522,-0.01109 -0.454134,0.02252 -0.553856,0.06684 -0.14404,0.0554 -0.19955,-0.04485 -0.310349,-0.554537 -0.09972,-0.409963 -0.255179,-0.742021 -0.476782,-0.974702 -0.18836,-0.188363 -0.454147,-0.576122 -0.59819,-0.864204 -0.14404,-0.288086 -0.3102,-0.543125 -0.365598,-0.576364 -0.387804,-0.243766 -0.498591,-1.883248 -0.454269,-6.824969 0.02215,-1.684174 -0.01095,-2.80341 -0.05525,-2.892052 -0.04432,-0.0554 -0.232834,-0.09959 -0.443357,-0.09959 -0.343483,0 -0.38779,-0.03354 -0.454269,-0.38811 -0.03324,-0.210522 -0.04415,-0.520658 -0.01095,-0.68686 0.07756,-0.421044 -0.100182,-0.830769 -0.332862,-0.786449 -0.177278,0.03324 -0.19935,-0.122475 -0.232589,-1.729091 -0.02216,-1.706336 -0.02227,-1.750387 0.188254,-1.694986 0.121882,0.03323 0.310217,-0.01109 0.409936,-0.08867 0.254844,-0.177283 0.08874,-0.421335 -0.232594,-0.343775 -0.321321,0.07756 -0.609103,-0.265316 -0.609103,-0.719599 0,-0.243762 0.06626,-0.321794 0.332179,-0.377195 0.476435,-0.09972 0.665034,0.08887 0.665034,0.665036 0,0.387801 0.0439,0.487373 0.254419,0.553852 0.443203,0.155125 0.465865,0.12167 0.465865,-0.620698 v -0.742112 l -0.343771,0.05525 c -0.265924,0.04432 -0.36545,0.01122 -0.420848,-0.14392 -0.0554,-0.144039 -0.02245,-0.243702 0.11049,-0.321263 0.09972,-0.06649 0.310744,-0.221889 0.465869,-0.343769 l 0.287841,-0.232594 -0.01095,-6.858391 c -0.01109,-7.335024 -0.07797,-11.21284 -0.199853,-11.711444 -0.04432,-0.166201 -0.02215,-0.520691 0.04434,-0.775533 0.07756,-0.288082 0.144098,-2.138432 0.177342,-4.853053 0.02216,-2.415462 0.08886,-4.487836 0.122092,-4.598635 0.04432,-0.110794 0.132522,-0.287872 0.210082,-0.376512 0.07756,-0.08865 0.199536,-0.398948 0.266015,-0.67595 0.144039,-0.509683 0.808943,-1.440676 1.263227,-1.750919 0.132958,-0.08865 0.310548,-0.254797 0.388105,-0.365599 0.07756,-0.110794 0.210117,-0.19917 0.298755,-0.19917 0.08865,0 0.343851,-0.11053 0.56545,-0.243505 0.401655,-0.235451 1.066923,-0.388938 1.536743,-0.403113 z m -5.475796,10.340448 c 0.141033,-0.02212 0.437898,0.166289 0.437898,0.311714 0,0.243763 -0.199913,0.442993 -0.377195,0.376513 -0.177272,-0.06649 -0.243465,-0.520994 -0.110491,-0.665036 0.01241,-0.01241 0.02965,-0.02004 0.04979,-0.02319 z m -0.448816,0.721648 c 0.243763,0 0.321128,0.06594 0.420849,0.39834 0.14404,0.476445 0.07765,0.676495 -0.232592,0.776216 l -0.243504,0.07707 0.254417,0.08867 c 0.132962,0.0554 0.277116,0.188802 0.310349,0.288524 0.03324,0.110794 0.144469,0.365492 0.244188,0.553854 0.166201,0.332403 0.165694,0.365645 -0.01162,0.498606 -0.177282,0.132962 -0.177108,0.210103 -0.01096,1.25163 0.288082,1.828218 0.310629,2.205419 0.111177,2.37162 -0.09972,0.08864 -0.177342,0.221709 -0.177342,0.31035 0,0.08865 -0.07747,0.143571 -0.188255,0.121406 -0.166204,-0.03324 -0.210781,-0.18832 -0.255101,-0.864204 -0.0554,-0.775608 -0.06676,-0.831117 -0.29944,-0.808957 -0.354561,0.04432 -0.387741,-0.188386 -0.321262,-2.038761 0.04432,-1.063689 0.02248,-1.816687 -0.06617,-2.16017 -0.15512,-0.609405 -0.02235,-0.864206 0.465183,-0.864206 z" />
      <path
         id="path22005"
         style="fill:#000000;stroke:none;stroke-width:0;stroke-miterlimit:4;stroke-dasharray:none"
         d="m 100.66683,25.457116 c -0.0847,0.0021 -0.19428,0.0194 -0.33832,0.04434 -0.365638,0.06649 -0.387922,0.08846 -0.35468,0.465184 0.03323,0.487524 -0.166113,0.687377 -0.731198,0.698458 -0.387804,0.01109 -0.410116,0.03321 -0.443356,0.409934 -0.04432,0.476444 0.199018,0.731046 0.753024,0.786447 0.310242,0.02216 0.376847,0.07798 0.354684,0.244188 -0.02216,0.110794 -0.01096,0.332054 0.03342,0.476096 0.0554,0.232682 0.110996,0.265832 0.532026,0.232592 0.46537,-0.03323 0.46537,-0.03308 0.49861,-0.509519 0.0332,-0.443204 0.0443,-0.465184 0.40993,-0.465184 0.48753,0 0.72029,-0.243688 0.72029,-0.775533 0,-0.465363 -0.13298,-0.576653 -0.54294,-0.42153 -0.43213,0.15512 -0.55404,0.0332 -0.58728,-0.587278 -0.0249,-0.473675 -0.0502,-0.604424 -0.30421,-0.598191 z" />
      <path
         d="m 114.99828,29.523576 c 0.26175,1.254892 0.35769,2.001603 0.3993,4.410744 0.0183,1.058125 0.0261,2.436946 0.0328,4.320372 0.0222,6.936139 0.0222,11.58978 0,14.182522 -0.0106,0.941807 -0.0106,3.113506 -0.0106,4.819841 0.0106,3.534551 0.0106,3.711833 -0.0106,8.08847 -0.0222,2.703544 -0.0665,3.37943 -0.24376,4.265837 -0.12183,0.576165 -0.29918,1.185571 -0.38781,1.351772 -0.0887,0.155121 -0.13297,0.354562 -0.0996,0.443203 0.0333,0.07756 -0.0887,0.310243 -0.27702,0.509685 -0.17727,0.199442 -0.33239,0.487524 -0.33239,0.642646 0,0.14404 -0.0443,0.265922 -0.11087,0.265922 -0.0554,0 -0.11075,0.06648 -0.11075,0.144041 0,0.07756 -0.14404,0.310242 -0.3324,0.520764 -0.17728,0.210522 -0.32132,0.443204 -0.3324,0.498605 0,0.06649 -0.15512,0.232683 -0.34349,0.387804 -0.4432,0.354562 -0.87532,0.808847 -0.87532,0.908567 0,0.0554 -0.12188,0.08865 -0.27701,0.08865 -0.19944,0 -0.31024,0.07756 -0.3878,0.277003 -0.0554,0.155121 -0.26592,0.376722 -0.46536,0.487523 -0.19945,0.121881 -0.44321,0.299164 -0.54293,0.398884 -0.0997,0.08864 -0.25484,0.144041 -0.34348,0.110794 -0.0997,-0.04432 -0.32132,0.08865 -0.54293,0.310243 -0.28808,0.288082 -0.54292,0.421044 -1.04152,0.520764 -0.36565,0.07756 -0.84209,0.210522 -1.05261,0.310243 -0.21053,0.08865 -0.50969,0.188362 -0.66481,0.199441 -0.15512,0.01109 -0.72021,0.08865 -1.27421,0.155123 -0.65373,0.08864 -2.01658,0.121881 -3.92235,0.08864 l -2.925149,-0.04432 -0.254843,-0.310244 c -0.210522,-0.243761 -0.265923,-0.421044 -0.265923,-0.963968 0,-0.476443 -0.04432,-0.653726 -0.155121,-0.653726 -0.299162,0 -0.387803,0.310244 -0.421044,1.551214 l -0.03323,1.274211 3.39051,0.03324 c 4.21044,0.03323 6.17161,-0.132961 7.33502,-0.620485 0.17728,-0.07756 0.36564,-0.132961 0.42105,-0.132961 0.31024,0 2.09413,-0.986128 2.95838,-1.639854 1.99442,-1.506894 3.53455,-3.656433 4.22152,-5.905691 0.6094,-1.994418 0.56508,-0.542926 0.56508,-20.620059 -0.0106,-15.855616 -0.0333,-18.60348 -0.16619,-18.980204 -0.0887,-0.243761 -0.16621,-0.531845 -0.16621,-0.631565 0,-0.232682 -0.32132,-0.963968 -0.54292,-1.229891 -0.27701,-0.332403 -0.48752,-0.243761 -0.40997,0.166202 z"
         id="path22009"
         style="stroke-width:0.013186;stroke-miterlimit:4;stroke-dasharray:none"
         sodipodi:nodetypes="csccccccccssscccssccccsccsccccssccccsccccsscc" />
      <path
         id="path22011"
         style="stroke-width:0.013186;stroke-miterlimit:4;stroke-dasharray:none"
         d="m 106.22852,29.5 c -0.42282,-0.0052 -0.85151,0.09232 -1.11329,0.279297 -1.37393,0.975049 -1.49679,2.537235 -0.28906,3.589844 0.4986,0.443204 0.80853,0.564453 1.45117,0.564453 0.66481,0 1.34067,-0.421771 1.76172,-1.097656 0.25484,-0.421043 0.31055,-0.630227 0.31055,-1.195313 0,-0.487524 -0.0545,-0.754395 -0.1875,-0.898437 -0.0997,-0.110794 -0.18945,-0.255146 -0.18945,-0.310547 0,-0.14404 -0.40837,-0.486706 -0.85157,-0.730469 -0.23753,-0.130883 -0.56372,-0.197139 -0.89257,-0.201172 z m -0.61329,1.208984 c 0.16913,-0.0025 0.35973,0.09658 0.40821,0.25586 l 0.0781,0.253906 0.17578,-0.253906 c 0.17728,-0.254842 0.63203,-0.334207 0.75391,-0.134766 0.0443,0.06648 -0.0558,0.266716 -0.21094,0.455078 -0.29916,0.354562 -0.26467,0.642356 0.0898,0.841797 0.0887,0.04432 0.19918,0.222471 0.23242,0.388672 0.0665,0.277003 0.0445,0.310547 -0.19922,0.310547 -0.18837,0 -0.37609,-0.122787 -0.56445,-0.355469 -0.25484,-0.321322 -0.28899,-0.343973 -0.35547,-0.144531 -0.13296,0.321322 -0.48678,0.632887 -0.66406,0.566406 -0.25485,-0.09972 -0.17878,-0.487271 0.17578,-0.808594 0.31025,-0.265923 0.44422,-0.58789 0.25586,-0.58789 -0.15513,-0.01109 -0.48836,-0.555215 -0.42188,-0.666016 0.0499,-0.0831 0.14462,-0.1196 0.24609,-0.121094 z" />
      <path
         id="path22017"
         style="stroke-width:0.013186;stroke-miterlimit:4;stroke-dasharray:none"
         d="m 102.5332,33.822266 -0.79687,0.01172 c -0.56508,0 -0.87672,0.05454 -1.07617,0.1875 -0.50968,0.343483 -0.951667,0.908962 -1.095707,1.396485 -0.110794,0.398884 -0.110831,0.587295 0.0332,1.11914 0.188362,0.720206 0.520717,1.131127 1.218757,1.47461 0.63157,0.321323 1.18423,0.31028 1.77148,-0.0332 1.50689,-0.886408 1.70645,-2.382076 0.47656,-3.623047 z m -1.42968,1.21875 c 0.11079,0 0.26555,0.100775 0.33203,0.222656 0.0665,0.121882 0.19002,0.220703 0.26757,0.220703 0.0886,0 0.17575,-0.09882 0.20899,-0.220703 0.0332,-0.155121 0.15538,-0.222656 0.34375,-0.222656 0.37672,0 0.37672,0.277499 0,0.720703 -0.23269,0.265922 -0.26634,0.398704 -0.21094,0.742187 0.0665,0.376723 0.0445,0.432844 -0.19922,0.521485 -0.15512,0.06648 -0.30919,0.165304 -0.35351,0.220703 -0.0169,0.02767 -0.0389,0.04883 -0.0625,0.06641 -0.0396,-0.02804 -0.0769,-0.05981 -0.11133,-0.09375 -0.0505,-0.05212 -0.10197,-0.104011 -0.15234,-0.15625 0.057,-0.08311 0.0947,-0.259883 0.11523,-0.537109 0.0332,-0.454284 -4.5e-4,-0.597471 -0.17773,-0.763672 -0.29917,-0.265923 -0.29917,-0.720703 0,-0.720703 z" />
      <path
         id="path22019"
         style="stroke-width:0.013186;stroke-miterlimit:4;stroke-dasharray:none"
         d="m 110.73242,33.822266 c -0.49861,0 -0.79793,0.06626 -1.01953,0.199218 -0.84209,0.554005 -1.2625,1.430637 -1.14062,2.328125 0.0776,0.576165 0.34303,0.98577 0.97461,1.484375 0.42104,0.321323 0.54293,0.365235 1.15234,0.365235 0.58724,0 0.76387,-0.04395 1.17383,-0.332031 0.85317,-0.598326 1.35204,-1.972025 0.91992,-2.53711 -0.0887,-0.121882 -0.16602,-0.299355 -0.16602,-0.410156 0,-0.09972 -0.26657,-0.387736 -0.58789,-0.642578 -0.554,-0.421044 -0.64183,-0.455078 -1.30664,-0.455078 z m -0.0547,1.21289 c 0.16759,-0.01246 0.34911,0.150657 0.50977,0.494141 0.12188,0.277003 0.2207,0.542255 0.2207,0.597656 0,0.0554 0.0774,0.166581 0.16602,0.244141 0.0887,0.07756 0.16601,0.254395 0.16601,0.398437 0,0.354563 -0.33232,0.355888 -0.64257,-0.0098 -0.13296,-0.155121 -0.33256,-0.277344 -0.44336,-0.277344 -0.1108,0 -0.26555,0.122223 -0.33203,0.277344 -0.13297,0.288083 -0.49854,0.375897 -0.64258,0.154296 -0.0665,-0.110807 0.24395,-0.853366 0.41015,-0.986328 0.0443,-0.03323 0.10997,-0.17691 0.1543,-0.332031 0.1108,-0.360103 0.26601,-0.548082 0.43359,-0.560547 z" />
      <path
         id="path22021"
         style="stroke-width:0.013186;stroke-miterlimit:4;stroke-dasharray:none"
         d="m 106.10938,38.083984 c -0.1156,2.34e-4 -0.23315,0.0097 -0.35157,0.02734 -0.43213,0.06649 -0.98674,0.387022 -1.19726,0.697266 -0.88641,1.329611 -0.76498,2.349282 0.39843,3.224609 0.554,0.421044 0.67711,0.464844 1.24219,0.464844 0.68697,0 1.06251,-0.17639 1.63867,-0.796875 0.43213,-0.465365 0.60949,-1.052668 0.50977,-1.695313 -0.1707,-1.134671 -1.12285,-1.92413 -2.24023,-1.921875 z m -0.18165,1.292969 c 0.0984,-0.003 0.21179,-5.01e-4 0.32813,0.0078 0.54292,0.03324 0.55465,0.03407 0.58789,0.421875 0.0111,0.210522 0.0879,0.497898 0.1543,0.630859 0.26592,0.531845 -0.52075,1.063436 -1.18555,0.808594 -0.26592,-0.09972 -0.27734,-0.155395 -0.27734,-0.919922 0,-0.454283 0.0337,-0.852165 0.0781,-0.896484 0.0277,-0.0277 0.15041,-0.04776 0.31445,-0.05273 z m 0.17188,1.425781 c -0.0735,-0.008 -0.12109,-0.05881 -0.12109,-0.136719 0,-0.110794 0.0994,-0.177734 0.23242,-0.177734 0.26592,0 0.23401,0.255147 -0.043,0.310546 -0.0242,0.0048 -0.0478,0.0061 -0.0684,0.0039 z"
         sodipodi:nodetypes="scccsscssccccscssssss" />
      <path
         d="m 106.1191,39.73118 c -0.0735,0.008 -0.12109,0.05881 -0.12109,0.136719 0,0.110794 0.0994,0.177734 0.23242,0.177734 0.26592,0 0.23401,-0.255147 -0.043,-0.310546 -0.0242,-0.0048 -0.0478,-0.0061 -0.0684,-0.0039 z"
         style="stroke-width:0.013186;stroke-miterlimit:4;stroke-dasharray:none"
         id="path2275" />
      <path
         d="m 104.2395,47.861134 c -0.98612,0.520765 -1.36285,0.853167 -1.83929,1.595534 -1.00829,1.606614 -0.96397,3.545631 0.11079,5.085764 0.65373,0.930728 1.96118,1.794975 2.91407,1.927936 0.58724,0.07756 1.88361,-0.06648 2.43762,-0.288082 0.99721,-0.376723 1.92794,-1.329611 2.49302,-2.537342 0.36564,-0.797767 0.39888,-2.448701 0.0554,-3.312949 -0.42104,-1.063689 -1.76174,-2.537342 -2.3379,-2.548421 -0.0887,0 -0.26592,-0.07756 -0.3878,-0.166202 -0.15512,-0.110794 -0.53185,-0.155121 -1.42934,-0.166202 -1.19665,0 -1.24097,0.01109 -2.01657,0.409964 z m 3.34619,0.376723 c 1.03045,0.387803 1.77282,1.229891 2.14954,2.437622 0.2216,0.720205 0.0886,1.17449 -0.19944,0.675885 -0.0997,-0.155121 -0.11079,-0.132961 -0.12188,0.155122 0,0.210521 0.0887,0.421043 0.2216,0.542924 0.28808,0.265922 0.277,0.476444 -0.0554,1.240971 -0.3878,0.875327 -0.75345,1.318531 -1.46257,1.772815 -0.49861,0.321324 -0.75345,0.398884 -1.48474,0.476445 -1.37393,0.132961 -2.2271,-0.177283 -3.13566,-1.141251 -0.46537,-0.509684 -0.72021,-1.008288 -0.85317,-1.684174 -0.0665,-0.354562 -0.0443,-0.465364 0.12188,-0.576165 0.11079,-0.07756 0.28808,-0.376724 0.3878,-0.664805 0.55401,-1.595534 0.81993,-1.872537 2.37114,-2.470862 0.57617,-0.221601 0.62049,-0.221601 1.21882,-0.0554 0.34348,0.09972 0.69804,0.232682 0.78668,0.288083 0.0887,0.0554 0.277,0.144042 0.39888,0.199441 0.26593,0.121882 1.04153,1.019369 1.04153,1.218811 0,0.06648 0.0997,0.121881 0.23269,0.121881 0.18836,0 0.21052,-0.04432 0.14404,-0.254842 -0.26593,-0.853167 -0.67589,-1.252051 -1.91686,-1.839296 -0.85317,-0.409963 -1.99442,-0.299162 -3.05811,0.288082 -0.79776,0.443204 -1.61769,1.562295 -1.65093,2.24926 -0.0111,0.166202 -0.0776,0.277003 -0.17728,0.277003 -0.37672,0 -0.0222,-1.285291 0.57616,-2.071978 0.36565,-0.476445 1.32962,-1.13017 1.86146,-1.285292 0.66481,-0.177281 1.99442,-0.132961 2.60382,0.09972 z"
         id="path22031"
         style="stroke-width:0.013186;stroke-miterlimit:4;stroke-dasharray:none" />
      <path
         id="path22061"
         style="fill:#000000;stroke:none;stroke-width:0.00011069;stroke-miterlimit:4;stroke-dasharray:none"
         d="m 103.23353,60.816539 c -0.0789,-0.0025 -0.15892,0.0015 -0.23942,0.01161 h -0.0525 l -0.0525,6.81e-4 c -0.91196,-0.01175 -1.72615,0.769956 -1.89484,1.641104 -0.074,0.571555 0.0183,1.190241 0.4379,1.616549 0.42218,0.46812 1.01781,0.894723 1.67316,0.85056 0.8659,-0.09439 1.72529,-0.658278 1.9385,-1.538789 0.0631,-0.626509 0.10835,-1.365705 -0.38334,-1.845046 -0.36651,-0.407089 -0.8744,-0.719485 -1.42692,-0.736653 z" />
    </g>
  </g>
</svg>
