<?xml version="1.0" encoding="UTF-8" standalone="no"?>
<!-- Created with Inkscape (http://www.inkscape.org/) -->

<svg
   viewBox="0 0 150.00001 100"
   version="1.1"
   id="svg5"
   sodipodi:docname="JoyCon Left.svg"
   inkscape:version="1.1.1 (c3084ef, 2021-09-22)"
   xmlns:inkscape="http://www.inkscape.org/namespaces/inkscape"
   xmlns:sodipodi="http://sodipodi.sourceforge.net/DTD/sodipodi-0.dtd"
   xmlns="http://www.w3.org/2000/svg"
   xmlns:svg="http://www.w3.org/2000/svg">
  <defs
     id="defs38">
    <clipPath
       clipPathUnits="userSpaceOnUse"
       id="clipPath422">
      <path
         id="path424"
         style="fill:#ff0000;fill-opacity:1;fill-rule:nonzero;stroke:none"
         d="m 28.75,20.619141 v 43.634765 c 0.243788,0.22607 0.483377,0.500511 0.712891,0.832032 0.208623,0.301344 0.47807,0.566569 0.625,0.902343 0.52115,1.19097 0.963599,2.631552 1.076171,3.957031 0.02939,0.346086 0.123782,0.728913 0.02344,1.054688 0.105987,0.568704 0.159139,1.120808 0.21875,1.503906 -1.249445,-1.822568 0.709783,2.214506 0.300781,1.775391 -0.32461,-0.348508 -0.505237,-0.809115 -0.757812,-1.212891 -0.213419,-0.341179 -0.385886,-0.549726 -0.527344,-0.654297 -0.15429,0.206563 -0.329832,0.380078 -0.537109,0.490235 -0.285454,1.513733 0.143788,5.423386 -1.134766,3.892578 v 2.542969 H 60.51758 v -58.71875 z" />
    </clipPath>
  </defs>
  <sodipodi:namedview
     id="namedview36"
     pagecolor="#505050"
     bordercolor="#eeeeee"
     borderopacity="1"
     inkscape:pageshadow="0"
     inkscape:pageopacity="0"
     inkscape:pagecheckerboard="0"
     showgrid="false"
     inkscape:zoom="7.3515172"
     inkscape:cx="76.378792"
     inkscape:cy="58.491328"
     inkscape:window-width="2138"
     inkscape:window-height="1290"
     inkscape:window-x="651"
     inkscape:window-y="61"
     inkscape:window-maximized="0"
     inkscape:current-layer="layer1" />
  <g
     inkscape:label="Layer 1"
     inkscape:groupmode="layer"
     id="layer1"
     style="fill:#000000;stroke:#000000;stroke-width:0.5">
    <g
       id="g2610"
       transform="rotate(-90,58.782011,35.841454)">
      <path
         id="path21977"
         d="m 48.636442,20.870077 -2.027847,0.01091 c -1.108009,0.01109 -2.193834,0.03309 -2.40436,0.05525 -0.59832,0.0554 -1.651245,0.243916 -2.38253,0.443357 -2.360061,0.620485 -4.819683,2.216442 -6.448459,4.1887 -0.631563,0.764526 -1.639437,2.41491 -1.750233,2.847033 -0.06649,0.265922 -0.03332,0.321476 0.276924,0.443358 0.332403,0.13296 0.35446,0.166141 0.188259,0.321263 -0.265924,0.277003 -0.510112,0.930932 -0.742796,2.072182 -0.210522,1.030448 -0.221163,1.517709 -0.210082,19.013194 0,11.667338 0.04401,18.160707 0.110499,18.515265 0.06648,0.299167 0.144103,0.775459 0.177342,1.052464 0.03325,0.276998 0.133203,0.5984 0.210767,0.720285 0.08863,0.121881 0.154824,0.310049 0.154834,0.420845 0,0.188367 0.919694,2.193688 1.130216,2.459608 0.0554,0.0554 0.332452,0.432583 0.631616,0.831465 0.609404,0.819927 1.385234,1.639441 2.116515,2.248842 0.498608,0.421072 2.337927,1.518329 2.537368,1.518329 0.0554,0 0.254312,0.07711 0.442675,0.165747 0.188361,0.08864 0.499178,0.244219 0.687545,0.332861 0.188356,0.08863 0.432143,0.165751 0.542939,0.165744 0.121884,0 0.476041,0.06688 0.797363,0.155518 0.443203,0.110793 1.695604,0.166097 4.964232,0.188256 l 4.376274,0.04433 0.03342,-0.553852 c 0.06649,-0.908568 -0.0884,-2.149832 -0.287837,-2.338199 -0.155124,-0.166198 -0.188305,-0.165971 -0.321267,0.02252 -0.08863,0.121881 -0.121905,0.32114 -0.08867,0.465183 0.110793,0.443203 -0.06712,1.019448 -0.366282,1.218889 -0.254842,0.166202 -0.708882,0.187927 -3.733748,0.210082 -1.883615,0.01111 -3.556799,-0.02169 -3.711919,-0.07707 -0.155124,-0.04433 -0.698126,-0.199735 -1.218893,-0.343771 -0.520763,-0.132962 -1.018903,-0.310381 -1.118622,-0.399022 -0.08865,-0.07756 -0.299666,-0.14392 -0.465867,-0.14392 -0.265921,0 -0.630931,-0.243916 -0.630931,-0.443357 0,-0.04432 -0.221603,-0.143578 -0.498605,-0.210086 -0.265924,-0.06648 -0.65385,-0.266241 -0.853292,-0.432443 -0.199441,-0.177279 -0.531924,-0.376709 -0.720284,-0.45427 -0.232681,-0.09972 -0.365601,-0.221722 -0.365601,-0.354683 0,-0.110807 -0.144497,-0.276792 -0.332857,-0.376515 -0.177282,-0.09972 -0.332176,-0.221522 -0.332176,-0.276928 0,-0.06648 -0.121804,-0.177024 -0.276928,-0.243503 -0.166201,-0.07756 -0.276928,-0.221725 -0.276928,-0.354687 0,-0.132959 -0.165992,-0.365824 -0.376514,-0.532026 -0.26592,-0.210522 -0.388122,-0.420957 -0.432443,-0.731198 -0.04432,-0.232684 -0.177555,-0.520812 -0.299436,-0.631615 -0.121881,-0.110793 -0.220995,-0.266046 -0.220995,-0.354684 0,-0.07756 -0.05561,-0.143921 -0.122094,-0.143921 -0.06649,0 -0.100093,-0.08834 -0.06685,-0.199172 0.02218,-0.121877 -0.06604,-0.410525 -0.210082,-0.643206 -0.14404,-0.232684 -0.266015,-0.542471 -0.266015,-0.664356 0,-0.132955 -0.08853,-0.432352 -0.188255,-0.665033 -0.188364,-0.398885 -0.199337,-1.063587 -0.188255,-9.074495 0.01107,-4.753361 0.03311,-9.119029 0.05525,-9.695194 0.02214,-0.576165 -1.4e-5,-5.074383 -0.04433,-9.993945 -0.04432,-5.794903 -0.03307,-9.041468 0.03342,-9.196589 0.132962,-0.310243 0.332197,-1.695294 0.376511,-2.581701 0.02218,-0.487525 0.110408,-0.808928 0.343093,-1.218891 0.664806,-1.163411 2.160975,-2.902997 3.014145,-3.490242 0.132958,-0.08865 0.454361,-0.321325 0.720285,-0.498606 1.27421,-0.886407 3.124239,-1.595328 4.919213,-1.872331 0.720208,-0.110794 1.839685,-0.177342 3.102818,-0.177342 1.883615,0 2.005398,0.01095 2.18268,0.232591 0.18836,0.210522 0.299017,0.232411 1.551069,0.19917 l 1.340983,-0.03274 0.199169,0.321263 c 0.188363,0.310242 0.188594,1.540209 0.166428,26.836054 l -0.02249,26.503198 0.299436,0.166429 c 0.155127,0.09972 0.354718,0.177341 0.443356,0.177341 0.08865,0 0.34317,0.165992 0.564769,0.376515 0.376724,0.343484 0.409936,0.421047 0.409936,0.997212 0,0.587246 0.01121,0.620699 0.266014,0.620699 0.155121,0 0.498532,-0.166673 0.775533,-0.377196 0.354565,-0.277001 0.520798,-0.343058 0.587277,-0.254416 2.66e-4,3.49e-4 3.49e-4,0.02319 6.99e-4,0.02389 a 3.890794,9.6078793 0 0 1 1.57835,-0.831465 3.890794,9.6078793 0 0 1 0.05116,0.0014 c -0.0272,-0.209499 -0.05569,-0.425106 -0.09004,-0.523843 -0.06649,-0.199442 0.022,-0.309955 0.509518,-0.653439 0.731289,-0.520763 1.141224,-1.318779 1.407148,-2.703796 0.15512,-0.797765 0.166415,-1.539771 0.122094,-4.874879 -0.03325,-2.171701 -0.01111,-3.999959 0.04433,-4.077519 0.0554,-0.06649 0.309927,-0.133008 0.56477,-0.133008 0.254843,0 0.520798,-0.06637 0.587277,-0.14392 0.166202,-0.199441 0.144382,-7.589969 -0.02183,-7.700769 -0.06648,-0.04432 -0.343864,-0.07776 -0.609785,-0.07776 h -0.498608 l 0.02253,-6.647628 c 0.01107,-3.656429 -0.02253,-6.99205 -0.06685,-7.402013 -0.09972,-0.853167 1.71e-4,-1.041335 0.487691,-0.919454 0.177282,0.04432 0.387822,0.01111 0.542942,-0.08867 l 0.255102,-0.166429 0.0109,-3.700325 c 0.02214,-4.2326 0.04438,-4.110562 -0.819871,-3.999762 l -0.476806,0.0661 0.05593,-2.393446 c 0.05539,-2.060897 0.04427,-2.526364 -0.133008,-3.25765 -0.09972,-0.465364 -0.266213,-0.985845 -0.343773,-1.152046 -0.08864,-0.155121 -0.154835,-0.343288 -0.154835,-0.420848 0,-0.210522 -0.787144,-1.329923 -1.330069,-1.883926 -0.620485,-0.642648 -1.36237,-1.218891 -1.572895,-1.218891 -0.08864,0 -0.210446,-0.05494 -0.276928,-0.121411 -0.17728,-0.177283 -1.229925,-0.542942 -1.58449,-0.542942 -0.155117,-0.01109 -0.46577,-0.07778 -0.698458,-0.166429 -0.332399,-0.110795 -0.509609,-0.121547 -0.775532,-0.02183 -0.254843,0.08865 -0.354185,0.0772 -0.387424,-0.02251 -0.03325,-0.09972 -0.44321,-0.132656 -1.495821,-0.110498 l -1.451482,0.01091 -0.08867,-0.332859 z m 4.072745,1.769336 c 0.131701,0.0055 0.348171,0.04188 0.735972,0.113908 1.240971,0.221603 1.894786,0.654278 3.213314,2.094691 0.08865,0.08865 0.243378,0.365343 0.343089,0.609104 0.110835,0.243762 0.255301,0.565164 0.332861,0.720285 0.221603,0.443204 0.310181,1.628457 0.321263,4.509281 0.01111,2.814345 0.07703,3.202551 0.442675,2.648546 0.210522,-0.332403 0.510202,-0.27731 0.510202,0.110499 0,0.221601 -0.05535,0.266014 -0.321262,0.266014 -0.576165,0 -0.598844,0.110861 -0.510203,2.626037 0.03325,1.274211 0.111031,2.348958 0.166429,2.404359 0.04432,0.04432 0.144284,0.05576 0.210767,0.02251 0.144039,-0.08865 0.165859,-0.587476 0.02183,-0.665036 -0.144043,-0.08864 -0.07736,-2.038472 0.07776,-2.193593 0.07756,-0.07756 0.133007,-0.244234 0.133007,-0.377195 0,-0.144041 0.05494,-0.287856 0.121413,-0.332177 0.07756,-0.04432 0.100253,-0.233017 0.05593,-0.476779 -0.03325,-0.221602 -0.03346,-0.509398 0.0109,-0.65344 0.0554,-0.221601 0.121696,-0.254919 0.465187,-0.221678 0.365643,0.03324 0.3992,0.06629 0.432443,0.420848 0.02214,0.210523 -0.03346,0.488071 -0.122094,0.598873 -0.110807,0.155121 -0.132808,0.33195 -0.05525,0.664353 0.0554,0.254843 0.07724,1.108154 0.06616,1.894839 -0.03325,1.362853 -0.0439,1.440222 -0.25442,1.418061 -0.310241,-0.02216 -0.388109,0.155442 -0.388109,0.931049 0,0.720207 -0.133175,0.919457 -0.620698,0.919457 -0.177283,0 -0.177283,-0.01135 0,-0.210767 0.166201,-0.177282 0.1667,-0.209933 0.01159,-0.265333 -0.08864,-0.04432 -0.166429,-0.144466 -0.166429,-0.244187 0,-0.08865 -0.05561,-0.165747 -0.122093,-0.165747 -0.08864,0 -0.110472,0.154593 -0.06616,0.442674 0.03325,0.243763 0.02197,0.465368 -0.03342,0.498608 -0.110789,0.06648 -0.110713,12.487649 -0.0109,13.939141 0.07755,0.897487 0.132899,1.129948 0.321263,1.329389 0.210522,0.210522 0.243503,0.21054 0.243503,0.04434 0,-0.09972 0.0778,-0.188259 0.166428,-0.188259 0.221632,0 0.210634,0.376804 -0.0109,0.720285 -0.221628,0.332403 -0.377196,0.354411 -0.377196,0.05525 0,-0.121884 -0.07711,-0.22168 -0.165747,-0.22168 -0.210522,0 -0.21061,0.155215 0.0109,0.764619 0.110793,0.343485 0.132976,0.52047 0.04433,0.609104 -0.0554,0.0554 -0.110499,0.232989 -0.110499,0.388109 0.01111,0.277005 0.02172,0.265725 0.165747,-0.07776 0.110811,-0.243762 0.232821,-0.354687 0.399022,-0.354687 0.188364,0 0.221831,-0.04373 0.166429,-0.26533 -0.09972,-0.421045 0.09969,-0.842379 0.409935,-0.842379 0.144043,0 0.342953,0.06652 0.442676,0.133008 0.15512,0.121881 0.166568,0.210372 0.06685,0.553852 -0.08865,0.365643 -0.155446,0.420849 -0.432444,0.420849 -0.387804,0 -0.498377,0.144193 -0.332179,0.443356 0.09972,0.188364 0.154883,0.210383 0.287841,0.09959 0.08865,-0.06649 0.177527,-0.110151 0.210767,-0.08799 0.04432,0.04432 0.07793,1.695248 0.06684,2.9473 -0.01107,0.509685 -0.04457,0.575864 -0.255097,0.609104 -0.232685,0.03325 -0.254948,0.110911 -0.310353,0.808957 -0.04432,0.642641 -0.09961,0.79753 -0.276928,0.875119 -0.299153,0.132951 -0.764266,0.70928 -0.742111,0.941961 0.06651,1.05261 -0.01107,7.789019 -0.08867,8.043858 -0.0554,0.177282 -0.177373,0.565377 -0.266014,0.842378 -0.08864,0.288086 -0.288236,0.697683 -0.443357,0.93037 -0.166201,0.232681 -0.287841,0.476977 -0.287841,0.554537 0,0.06648 -0.177419,0.199337 -0.399022,0.276928 -0.288082,0.121878 -0.377014,0.210641 -0.34377,0.354684 0.03325,0.110793 -0.03297,0.321144 -0.154835,0.465184 -0.454287,0.576164 -1.894479,0.365185 -2.326601,-0.332857 -0.12188,-0.210523 -0.277455,-0.376515 -0.33286,-0.376515 -0.06648,0 -0.07757,-0.05561 -0.04434,-0.122093 0.04432,-0.06648 -0.03279,-0.221209 -0.165747,-0.34309 -0.210522,-0.199441 -0.244188,-0.343379 -0.244188,-1.185468 -0.09972,-36.121117 -0.110981,-49.450748 -0.03342,-49.67235 0.04432,-0.09972 0.02214,-0.210098 -0.04434,-0.254419 -0.132965,-0.07756 -0.166219,-0.754086 -0.04434,-0.864886 0.04987,-0.04985 0.0968,-0.07512 0.2285,-0.06957 z M 29.43022,68.317455 c -0.125262,0.03203 -0.268037,0.07064 -0.403796,0.106407 -2.97e-4,0.0057 -2.93e-4,0.01135 -6.99e-4,0.01704 0.136172,-0.04016 0.279499,-0.08075 0.404481,-0.119366 z m 0.01229,2.389354 c -0.07991,0.04018 -0.170159,0.08156 -0.247597,0.121413 3.5e-4,0.0053 6.99e-4,0.01044 0.0014,0.01568 0.07878,-0.01201 0.166506,-0.02298 0.246919,-0.03478 z"
         clip-path="url(#clipPath422)"
         style="stroke-width:0.004995;stroke-miterlimit:4;stroke-dasharray:none" />
      <path
         d="m 47.406336,26.414841 c -0.132962,0.117761 -0.121882,0.294404 0.01109,0.422871 0.110794,0.091 0.243763,0.101703 1.551214,0.101703 1.351771,0 1.440413,-0.0054 1.595534,-0.117762 0.210522,-0.144525 0.221601,-0.262286 0.04432,-0.380048 -0.121882,-0.06959 -0.409964,-0.08565 -1.628774,-0.101703 -1.285292,-0.01606 -1.484733,-0.0054 -1.573374,0.07494 z"
         id="path22007"
         style="stroke-width:0.209;stroke-miterlimit:4;stroke-dasharray:none" />
      <path
         d="m 42.420293,31.440433 c -1.562295,0.254842 -2.803265,1.340691 -3.42375,2.958386 -0.343483,0.897487 -0.310243,2.404379 0.0554,3.246467 0.398882,0.897488 0.698045,1.285291 1.407172,1.872536 0.897488,0.731286 1.540133,0.952889 2.747864,0.952889 1.17449,0 1.828214,-0.210522 2.703542,-0.875327 1.229891,-0.91965 1.839297,-2.16062 1.839297,-3.733994 0,-1.274211 -0.398884,-2.204938 -1.329613,-3.146746 -1.074768,-1.09693 -2.45978,-1.529053 -3.999912,-1.274211 z m 0.753446,0.675886 c 0.0554,0.1662 0.07756,0.1662 0.166201,0 0.132961,-0.232682 0.465365,-0.221603 1.15233,0.02216 0.686966,0.254843 0.786687,0.321323 1.340692,0.797767 0.476444,0.409963 1.085849,1.351771 1.207731,1.861455 0.04432,0.166202 0.121881,0.354564 0.177281,0.421044 0.0554,0.08865 0.03324,0.199442 -0.08865,0.310244 -0.221603,0.221601 -0.421044,0.177281 -0.465364,-0.110808 -0.07756,-0.554005 -0.321323,-1.141249 -0.653726,-1.584453 -0.409963,-0.542924 -0.531845,-0.642645 -1.318532,-1.063689 -0.731286,-0.398884 -1.939016,-0.421044 -2.758943,-0.04432 -1.008289,0.454283 -1.828216,1.296371 -1.828216,1.883617 0,0.277002 0.254842,0.221601 0.310243,-0.0554 0.04432,-0.221602 0.576165,-0.775606 1.08585,-1.141251 0.775606,-0.542924 2.027657,-0.720205 2.681382,-0.365643 0.110807,0.0554 0.265923,0.121882 0.354563,0.166202 0.520764,0.210522 1.218811,0.775606 1.218811,0.975049 0,0.06648 0.06648,0.199441 0.144041,0.288082 0.07756,0.09972 0.243762,0.476445 0.354564,0.831007 0.155121,0.476445 0.299162,0.709127 0.520764,0.831007 0.166201,0.09972 0.310243,0.232682 0.310243,0.299163 0,0.465364 -0.720207,1.684174 -1.318532,2.227099 -0.155122,0.144042 -0.587245,0.409964 -0.941808,0.598326 -0.631565,0.332403 -0.709127,0.343482 -1.717415,0.299162 -0.919648,-0.03324 -1.14125,-0.08865 -1.662014,-0.365643 -0.808847,-0.443204 -1.329611,-1.108009 -1.839296,-2.34898 -0.221602,-0.520765 -0.166201,-0.808847 0.155121,-0.808847 0.221602,0 0.343483,-0.199442 0.343483,-0.565085 0,-0.277003 -0.188362,-0.265922 -0.277002,0.01109 -0.03324,0.121881 -0.121882,0.221601 -0.177281,0.221601 -0.177283,0 -0.254843,-0.354563 -0.121882,-0.565085 0.07756,-0.110794 0.132961,-0.321323 0.132961,-0.454284 0.01109,-0.653726 0.897488,-1.839295 1.695255,-2.271419 0.842087,-0.454284 1.695254,-0.598326 1.817136,-0.299162 z"
         id="path22013"
         style="stroke-width:0.013186;stroke-miterlimit:4;stroke-dasharray:none" />
      <path
         d="m 42.298411,45.700516 c -0.842088,0.454283 -1.362851,1.473652 -1.21881,2.426541 0.06648,0.454283 0.565084,1.16341 1.08585,1.529053 0.587244,0.421043 1.540132,0.387803 2.182778,-0.0554 0.720206,-0.509684 1.063689,-1.096929 1.07477,-1.794975 0,-0.565086 -0.199443,-1.11909 -0.509685,-1.440413 -0.08865,-0.07756 -0.155122,-0.199441 -0.155122,-0.254842 0,-0.06649 -0.1662,-0.177281 -0.376722,-0.265922 -0.210522,-0.08865 -0.409965,-0.210522 -0.454285,-0.277002 -0.121882,-0.199443 -1.18557,-0.110794 -1.628774,0.13296 z m 1.606614,0.332403 c 0.199442,0.14404 0.376723,0.265922 0.398883,0.288082 0.03324,0.01109 0,0.07756 -0.06648,0.144041 -0.08865,0.08865 -0.04432,0.232682 0.144042,0.509685 0.188362,0.277002 0.265921,0.554005 0.265921,0.908567 0,0.443204 -0.0554,0.576166 -0.365643,0.875329 -0.554004,0.531844 -0.930728,0.631564 -1.529053,0.376722 -0.265922,-0.121881 -0.587244,-0.321323 -0.698045,-0.454284 -0.221603,-0.243762 -0.343484,-0.930728 -0.210522,-1.229891 0.03323,-0.08864 0.0554,-0.299162 0.04432,-0.454283 -0.02216,-0.221603 0.09972,-0.398884 0.509684,-0.753446 0.620485,-0.520765 0.975048,-0.576166 1.506893,-0.210522 z"
         id="path22025"
         style="stroke-width:0.013186;stroke-miterlimit:4;stroke-dasharray:none" />
      <path
         d="m 42.785936,47.495491 c -0.310244,0.432124 -0.332404,0.498605 -0.166202,0.554005 0.232682,0.0554 1.14125,0 1.21881,-0.08865 0.07756,-0.07756 -0.487524,-0.952889 -0.609404,-0.952889 -0.0554,0 -0.254842,0.221603 -0.443204,0.487524 z"
         id="path22029"
         style="stroke-width:0.013186;stroke-miterlimit:4;stroke-dasharray:none" />
      <path
         d="m 37.810972,49.922032 c -0.04432,0.06648 -0.277002,0.277002 -0.498604,0.443204 -0.631566,0.465364 -1.09693,1.772815 -0.764526,2.127379 0.0554,0.06648 0.15512,0.288081 0.221601,0.498603 0.144041,0.443204 1.019369,1.15233 1.573374,1.274212 0.587245,0.13296 1.318531,-0.155121 1.883617,-0.731286 0.720206,-0.742367 0.864246,-1.606615 0.398882,-2.470862 -0.277002,-0.520765 -0.398882,-0.653726 -0.930727,-1.041529 -0.277002,-0.188362 -0.509684,-0.243763 -1.07477,-0.243763 -0.454283,0 -0.753446,0.0554 -0.808847,0.144042 z m 1.717415,0.454283 c 0.132961,0.144042 0.243762,0.376724 0.243762,0.498605 0,0.132961 0.132962,0.365643 0.288083,0.509685 0.243762,0.232682 0.288082,0.343483 0.232682,0.664805 -0.188362,1.17449 -1.473652,1.861456 -2.360061,1.252052 -0.908568,-0.620486 -0.930728,-1.650935 -0.04432,-2.836505 0.232682,-0.321322 0.321322,-0.354563 0.819926,-0.354563 0.454285,0 0.620487,0.0554 0.819928,0.265921 z"
         id="path22037"
         style="stroke-width:0.013186;stroke-miterlimit:4;stroke-dasharray:none" />
      <path
         d="m 38.475779,51.506486 c -0.498605,0.243762 -0.520765,0.432124 -0.110807,0.675885 0.775607,0.454285 0.875327,0.421044 0.897487,-0.343483 0.01109,-0.376723 -0.02216,-0.454283 -0.210521,-0.476443 -0.121881,-0.02216 -0.376723,0.04432 -0.576164,0.144041 z"
         id="path22041"
         style="stroke-width:0.013186;stroke-miterlimit:4;stroke-dasharray:none" />
      <path
         d="m 46.86341,49.966352 c -1.119089,0.742367 -1.551213,1.761736 -1.185569,2.770024 0.1662,0.443204 0.897488,1.229891 1.27421,1.373933 0.166202,0.06648 0.587246,0.121881 0.930728,0.121881 0.542926,0 0.686966,-0.04432 1.08585,-0.365643 0.664805,-0.531845 0.930728,-1.019369 0.919648,-1.695254 -0.01109,-0.986129 -0.121882,-1.252051 -0.786687,-1.839297 -0.598325,-0.531844 -0.642646,-0.554004 -1.296372,-0.554004 -0.443202,0 -0.764525,0.06648 -0.941808,0.188361 z m 1.750655,0.509685 c 0.166202,0.265923 0.166202,0.321322 0.02216,0.421044 -0.14404,0.08864 -0.132961,0.13296 0.0554,0.299162 0.387803,0.332404 0.576165,0.731286 0.531844,1.08585 -0.06648,0.443204 -0.598325,1.030448 -1.052608,1.152329 -0.664807,0.199442 -1.639854,-0.199441 -1.639854,-0.664805 0,-0.110794 -0.07756,-0.221603 -0.166202,-0.265923 -0.121881,-0.04432 -0.155121,-0.199441 -0.132961,-0.587244 0.04432,-0.576165 0.177281,-0.875328 0.686966,-1.440413 0.299162,-0.354563 0.365643,-0.376724 0.919648,-0.343483 0.509684,0.03323 0.620485,0.07756 0.775607,0.343483 z"
         id="path22043"
         style="stroke-width:0.013186;stroke-miterlimit:4;stroke-dasharray:none" />
      <path
         d="m 47.195814,51.816728 c 0,0.731286 0.132961,0.808847 0.764527,0.443204 0.476443,-0.288083 0.587244,-0.565085 0.265921,-0.664805 -0.110794,-0.03324 -0.332402,-0.132962 -0.498604,-0.221603 -0.465364,-0.254842 -0.531844,-0.199441 -0.531844,0.443204 z"
         id="path22047"
         style="stroke-width:0.013186;stroke-miterlimit:4;stroke-dasharray:none" />
      <path
         d="m 42.320571,54.26543 c -0.07756,0.08864 -0.199441,0.166201 -0.265921,0.166201 -0.132962,0 -0.609406,0.554005 -0.831007,0.975049 -0.07756,0.14404 -0.144042,0.554005 -0.155123,0.897488 -0.02216,0.565084 0.02216,0.709125 0.354564,1.19665 0.531845,0.775606 1.119089,1.085849 1.927936,0.997209 0.764527,-0.07756 1.11909,-0.277003 1.662014,-0.94181 0.376724,-0.476443 0.409965,-0.576164 0.409965,-1.21881 0,-0.631564 -0.03324,-0.742366 -0.409965,-1.252051 -0.576165,-0.764525 -0.986128,-0.986128 -1.850375,-0.986128 -0.487524,0 -0.742366,0.0554 -0.842088,0.166202 z m 1.728495,0.443204 c 0.432124,0.465364 0.531845,0.742366 0.554005,1.573373 l 0.03324,0.786687 -0.409965,0.310242 c -0.332402,0.254843 -0.520764,0.310244 -1.041528,0.321323 -0.542925,0 -0.675886,-0.04432 -0.952888,-0.310242 -0.432124,-0.409964 -0.598325,-1.041529 -0.387803,-1.451492 0.08864,-0.155123 0.13296,-0.376724 0.121881,-0.487525 -0.02216,-0.132962 0.03324,-0.177282 0.177282,-0.155122 0.177282,0.03324 0.199442,0.01109 0.08865,-0.110794 -0.09972,-0.121882 -0.07756,-0.221601 0.110794,-0.454284 0.210522,-0.254842 0.321323,-0.299162 0.842088,-0.299162 0.509683,0 0.653725,0.04432 0.864247,0.277002 z"
         id="path22049"
         style="stroke-width:0.013186;stroke-miterlimit:4;stroke-dasharray:none" />
      <path
         d="m 42.741615,55.728003 c -0.277002,0.06648 -0.254842,0.199441 0.144042,0.764526 0.299163,0.443203 0.542924,0.554005 0.542924,0.254841 0,-0.06648 0.121881,-0.277002 0.288083,-0.487523 0.210521,-0.277002 0.243762,-0.387804 0.132961,-0.454284 -0.155122,-0.09972 -0.808847,-0.144041 -1.10801,-0.07756 z"
         id="path22053"
         style="stroke-width:0.013186;stroke-miterlimit:4;stroke-dasharray:none" />
      <path
         id="path22059"
         style="fill:#000000;stroke:none;stroke-width:0.00011069;stroke-miterlimit:4;stroke-dasharray:none"
         d="m 47.852723,60.917488 c -0.126201,0.0021 -0.260158,0.02225 -0.368328,0.0021 -0.100808,6.99e-4 -0.201358,0.0021 -0.302163,0.0028 -0.867872,0.03133 -1.757921,-3.49e-4 -2.611031,0.08253 -0.208566,0.367022 -0.08822,0.836683 -0.135738,1.244809 0.02106,0.723229 -0.06293,1.46548 0.08595,2.176541 0.21517,0.493513 0.85954,0.40293 1.299376,0.422214 0.703888,-0.01243 1.418253,0.01505 2.115153,-0.03683 0.322237,-0.1959 0.353982,-0.526469 0.321948,-0.871025 -0.0082,-0.969757 0.08093,-1.955644 -0.08117,-2.915244 -0.01191,-0.01404 -0.02462,-0.02609 -0.0382,-0.03683 -0.02294,-0.05157 -0.07056,-0.06057 -0.123459,-0.0573 -0.05083,-0.0118 -0.105618,-0.01456 -0.162336,-0.01365 z" />
    </g>
  </g>
</svg>
