<?xml version="1.0" encoding="UTF-8" standalone="no"?>
<!-- Created with Inkscape (http://www.inkscape.org/) -->

<svg
   class="scaling-svg"
   viewBox="-18 -10 400 200"
   preserveAspectRatio="xMidYMin slice"
   width="100%" 
   version="1.1"
   id="svg5"
   >
  <g
     dark 
     transform="scale(2.4)"
     stroke-width="0.3" 
     font-family="Noto Sans JP" 
     font-size="4px"
     >
    <path
       id="path21977"
       d="m 48.636442,20.870077 -2.027847,0.01091 c -1.108009,0.01109 -2.193834,0.03309 -2.40436,0.05525 -0.59832,0.0554 -1.651245,0.243916 -2.38253,0.443357 -2.360061,0.620485 -4.819683,2.216442 -6.448459,4.1887 -0.631563,0.764526 -1.639437,2.41491 -1.750233,2.847033 -0.06649,0.265922 -0.03332,0.321476 0.276924,0.443358 0.332403,0.13296 0.35446,0.166141 0.188259,0.321263 -0.265924,0.277003 -0.510112,0.930932 -0.742796,2.072182 -0.210522,1.030448 -0.221163,1.517709 -0.210082,19.013194 0,11.667338 0.04401,18.160707 0.110499,18.515265 0.06648,0.299167 0.144103,0.775459 0.177342,1.052464 0.03325,0.276998 0.133203,0.5984 0.210767,0.720285 0.08863,0.121881 0.154824,0.310049 0.154834,0.420845 0,0.188367 0.919694,2.193688 1.130216,2.459608 0.0554,0.0554 0.332452,0.432583 0.631616,0.831465 0.609404,0.819927 1.385234,1.639441 2.116515,2.248842 0.498608,0.421072 2.337927,1.518329 2.537368,1.518329 0.0554,0 0.254312,0.07711 0.442675,0.165747 0.188361,0.08864 0.499178,0.244219 0.687545,0.332861 0.188356,0.08863 0.432143,0.165751 0.542939,0.165744 0.121884,0 0.476041,0.06688 0.797363,0.155518 0.443203,0.110793 1.695604,0.166097 4.964232,0.188256 l 4.376274,0.04433 0.03342,-0.553852 c 0.06649,-0.908568 -0.0884,-2.149832 -0.287837,-2.338199 -0.155124,-0.166198 -0.188305,-0.165971 -0.321267,0.02252 -0.08863,0.121881 -0.121905,0.32114 -0.08867,0.465183 0.110793,0.443203 -0.06712,1.019448 -0.366282,1.218889 -0.254842,0.166202 -0.708882,0.187927 -3.733748,0.210082 -1.883615,0.01111 -3.556799,-0.02169 -3.711919,-0.07707 -0.155124,-0.04433 -0.698126,-0.199735 -1.218893,-0.343771 -0.520763,-0.132962 -1.018903,-0.310381 -1.118622,-0.399022 -0.08865,-0.07756 -0.299666,-0.14392 -0.465867,-0.14392 -0.265921,0 -0.630931,-0.243916 -0.630931,-0.443357 0,-0.04432 -0.221603,-0.143578 -0.498605,-0.210086 -0.265924,-0.06648 -0.65385,-0.266241 -0.853292,-0.432443 -0.199441,-0.177279 -0.531924,-0.376709 -0.720284,-0.45427 -0.232681,-0.09972 -0.365601,-0.221722 -0.365601,-0.354683 0,-0.110807 -0.144497,-0.276792 -0.332857,-0.376515 -0.177282,-0.09972 -0.332176,-0.221522 -0.332176,-0.276928 0,-0.06648 -0.121804,-0.177024 -0.276928,-0.243503 -0.166201,-0.07756 -0.276928,-0.221725 -0.276928,-0.354687 0,-0.132959 -0.165992,-0.365824 -0.376514,-0.532026 -0.26592,-0.210522 -0.388122,-0.420957 -0.432443,-0.731198 -0.04432,-0.232684 -0.177555,-0.520812 -0.299436,-0.631615 -0.121881,-0.110793 -0.220995,-0.266046 -0.220995,-0.354684 0,-0.07756 -0.05561,-0.143921 -0.122094,-0.143921 -0.06649,0 -0.100093,-0.08834 -0.06685,-0.199172 0.02218,-0.121877 -0.06604,-0.410525 -0.210082,-0.643206 -0.14404,-0.232684 -0.266015,-0.542471 -0.266015,-0.664356 0,-0.132955 -0.08853,-0.432352 -0.188255,-0.665033 -0.188364,-0.398885 -0.199337,-1.063587 -0.188255,-9.074495 0.01107,-4.753361 0.03311,-9.119029 0.05525,-9.695194 0.02214,-0.576165 -1.4e-5,-5.074383 -0.04433,-9.993945 -0.04432,-5.794903 -0.03307,-9.041468 0.03342,-9.196589 0.132962,-0.310243 0.332197,-1.695294 0.376511,-2.581701 0.02218,-0.487525 0.110408,-0.808928 0.343093,-1.218891 0.664806,-1.163411 2.160975,-2.902997 3.014145,-3.490242 0.132958,-0.08865 0.454361,-0.321325 0.720285,-0.498606 1.27421,-0.886407 3.124239,-1.595328 4.919213,-1.872331 0.720208,-0.110794 1.839685,-0.177342 3.102818,-0.177342 1.883615,0 2.005398,0.01095 2.18268,0.232591 0.18836,0.210522 0.299017,0.232411 1.551069,0.19917 l 1.340983,-0.03274 0.199169,0.321263 c 0.188363,0.310242 0.188594,1.540209 0.166428,26.836054 l -0.02249,26.503198 0.299436,0.166429 c 0.155127,0.09972 0.354718,0.177341 0.443356,0.177341 0.08865,0 0.34317,0.165992 0.564769,0.376515 0.376724,0.343484 0.409936,0.421047 0.409936,0.997212 0,0.587246 0.01121,0.620699 0.266014,0.620699 0.155121,0 0.498532,-0.166673 0.775533,-0.377196 0.354565,-0.277001 0.520798,-0.343058 0.587277,-0.254416 2.66e-4,3.49e-4 3.49e-4,0.02319 6.99e-4,0.02389 a 3.890794,9.6078793 0 0 1 1.57835,-0.831465 3.890794,9.6078793 0 0 1 0.05116,0.0014 c -0.0272,-0.209499 -0.05569,-0.425106 -0.09004,-0.523843 -0.06649,-0.199442 0.022,-0.309955 0.509518,-0.653439 0.731289,-0.520763 1.141224,-1.318779 1.407148,-2.703796 0.15512,-0.797765 0.166415,-1.539771 0.122094,-4.874879 -0.03325,-2.171701 -0.01111,-3.999959 0.04433,-4.077519 0.0554,-0.06649 0.309927,-0.133008 0.56477,-0.133008 0.254843,0 0.520798,-0.06637 0.587277,-0.14392 0.166202,-0.199441 0.144382,-7.589969 -0.02183,-7.700769 -0.06648,-0.04432 -0.343864,-0.07776 -0.609785,-0.07776 h -0.498608 l 0.02253,-6.647628 c 0.01107,-3.656429 -0.02253,-6.99205 -0.06685,-7.402013 -0.09972,-0.853167 1.71e-4,-1.041335 0.487691,-0.919454 0.177282,0.04432 0.387822,0.01111 0.542942,-0.08867 l 0.255102,-0.166429 0.0109,-3.700325 c 0.02214,-4.2326 0.04438,-4.110562 -0.819871,-3.999762 l -0.476806,0.0661 0.05593,-2.393446 c 0.05539,-2.060897 0.04427,-2.526364 -0.133008,-3.25765 -0.09972,-0.465364 -0.266213,-0.985845 -0.343773,-1.152046 -0.08864,-0.155121 -0.154835,-0.343288 -0.154835,-0.420848 0,-0.210522 -0.787144,-1.329923 -1.330069,-1.883926 -0.620485,-0.642648 -1.36237,-1.218891 -1.572895,-1.218891 -0.08864,0 -0.210446,-0.05494 -0.276928,-0.121411 -0.17728,-0.177283 -1.229925,-0.542942 -1.58449,-0.542942 -0.155117,-0.01109 -0.46577,-0.07778 -0.698458,-0.166429 -0.332399,-0.110795 -0.509609,-0.121547 -0.775532,-0.02183 -0.254843,0.08865 -0.354185,0.0772 -0.387424,-0.02251 -0.03325,-0.09972 -0.44321,-0.132656 -1.495821,-0.110498 l -1.451482,0.01091 -0.08867,-0.332859 z m 4.072745,1.769336 c 0.131701,0.0055 0.348171,0.04188 0.735972,0.113908 1.240971,0.221603 1.894786,0.654278 3.213314,2.094691 0.08865,0.08865 0.243378,0.365343 0.343089,0.609104 0.110835,0.243762 0.255301,0.565164 0.332861,0.720285 0.221603,0.443204 0.310181,1.628457 0.321263,4.509281 0.01111,2.814345 0.07703,3.202551 0.442675,2.648546 0.210522,-0.332403 0.510202,-0.27731 0.510202,0.110499 0,0.221601 -0.05535,0.266014 -0.321262,0.266014 -0.576165,0 -0.598844,0.110861 -0.510203,2.626037 0.03325,1.274211 0.111031,2.348958 0.166429,2.404359 0.04432,0.04432 0.144284,0.05576 0.210767,0.02251 0.144039,-0.08865 0.165859,-0.587476 0.02183,-0.665036 -0.144043,-0.08864 -0.07736,-2.038472 0.07776,-2.193593 0.07756,-0.07756 0.133007,-0.244234 0.133007,-0.377195 0,-0.144041 0.05494,-0.287856 0.121413,-0.332177 0.07756,-0.04432 0.100253,-0.233017 0.05593,-0.476779 -0.03325,-0.221602 -0.03346,-0.509398 0.0109,-0.65344 0.0554,-0.221601 0.121696,-0.254919 0.465187,-0.221678 0.365643,0.03324 0.3992,0.06629 0.432443,0.420848 0.02214,0.210523 -0.03346,0.488071 -0.122094,0.598873 -0.110807,0.155121 -0.132808,0.33195 -0.05525,0.664353 0.0554,0.254843 0.07724,1.108154 0.06616,1.894839 -0.03325,1.362853 -0.0439,1.440222 -0.25442,1.418061 -0.310241,-0.02216 -0.388109,0.155442 -0.388109,0.931049 0,0.720207 -0.133175,0.919457 -0.620698,0.919457 -0.177283,0 -0.177283,-0.01135 0,-0.210767 0.166201,-0.177282 0.1667,-0.209933 0.01159,-0.265333 -0.08864,-0.04432 -0.166429,-0.144466 -0.166429,-0.244187 0,-0.08865 -0.05561,-0.165747 -0.122093,-0.165747 -0.08864,0 -0.110472,0.154593 -0.06616,0.442674 0.03325,0.243763 0.02197,0.465368 -0.03342,0.498608 -0.110789,0.06648 -0.110713,12.487649 -0.0109,13.939141 0.07755,0.897487 0.132899,1.129948 0.321263,1.329389 0.210522,0.210522 0.243503,0.21054 0.243503,0.04434 0,-0.09972 0.0778,-0.188259 0.166428,-0.188259 0.221632,0 0.210634,0.376804 -0.0109,0.720285 -0.221628,0.332403 -0.377196,0.354411 -0.377196,0.05525 0,-0.121884 -0.07711,-0.22168 -0.165747,-0.22168 -0.210522,0 -0.21061,0.155215 0.0109,0.764619 0.110793,0.343485 0.132976,0.52047 0.04433,0.609104 -0.0554,0.0554 -0.110499,0.232989 -0.110499,0.388109 0.01111,0.277005 0.02172,0.265725 0.165747,-0.07776 0.110811,-0.243762 0.232821,-0.354687 0.399022,-0.354687 0.188364,0 0.221831,-0.04373 0.166429,-0.26533 -0.09972,-0.421045 0.09969,-0.842379 0.409935,-0.842379 0.144043,0 0.342953,0.06652 0.442676,0.133008 0.15512,0.121881 0.166568,0.210372 0.06685,0.553852 -0.08865,0.365643 -0.155446,0.420849 -0.432444,0.420849 -0.387804,0 -0.498377,0.144193 -0.332179,0.443356 0.09972,0.188364 0.154883,0.210383 0.287841,0.09959 0.08865,-0.06649 0.177527,-0.110151 0.210767,-0.08799 0.04432,0.04432 0.07793,1.695248 0.06684,2.9473 -0.01107,0.509685 -0.04457,0.575864 -0.255097,0.609104 -0.232685,0.03325 -0.254948,0.110911 -0.310353,0.808957 -0.04432,0.642641 -0.09961,0.79753 -0.276928,0.875119 -0.299153,0.132951 -0.764266,0.70928 -0.742111,0.941961 0.06651,1.05261 -0.01107,7.789019 -0.08867,8.043858 -0.0554,0.177282 -0.177373,0.565377 -0.266014,0.842378 -0.08864,0.288086 -0.288236,0.697683 -0.443357,0.93037 -0.166201,0.232681 -0.287841,0.476977 -0.287841,0.554537 0,0.06648 -0.177419,0.199337 -0.399022,0.276928 -0.288082,0.121878 -0.377014,0.210641 -0.34377,0.354684 0.03325,0.110793 -0.03297,0.321144 -0.154835,0.465184 -0.454287,0.576164 -1.894479,0.365185 -2.326601,-0.332857 -0.12188,-0.210523 -0.277455,-0.376515 -0.33286,-0.376515 -0.06648,0 -0.07757,-0.05561 -0.04434,-0.122093 0.04432,-0.06648 -0.03279,-0.221209 -0.165747,-0.34309 -0.210522,-0.199441 -0.244188,-0.343379 -0.244188,-1.185468 -0.09972,-36.121117 -0.110981,-49.450748 -0.03342,-49.67235 0.04432,-0.09972 0.02214,-0.210098 -0.04434,-0.254419 -0.132965,-0.07756 -0.166219,-0.754086 -0.04434,-0.864886 0.04987,-0.04985 0.0968,-0.07512 0.2285,-0.06957 z M 29.43022,68.317455 c -0.125262,0.03203 -0.268037,0.07064 -0.403796,0.106407 -2.97e-4,0.0057 -2.93e-4,0.01135 -6.99e-4,0.01704 0.136172,-0.04016 0.279499,-0.08075 0.404481,-0.119366 z m 0.01229,2.389354 c -0.07991,0.04018 -0.170159,0.08156 -0.247597,0.121413 3.5e-4,0.0053 6.99e-4,0.01044 0.0014,0.01568 0.07878,-0.01201 0.166506,-0.02298 0.246919,-0.03478 z"
       clip-path="url(#clipPath422)"
       style="stroke-width:0.004995;stroke-miterlimit:4;stroke-dasharray:none" />
    <path
       id="path21993"
       style="fill:#000000;stroke:none;stroke-width:0.00011069;stroke-miterlimit:4;stroke-dasharray:none"
       d="m 101.52421,20.861892 c -0.61178,0.0059 -0.66593,0.05795 -0.74211,0.196441 h 6.8e-4 c -0.0665,0.121882 -0.12209,0.298953 -0.12209,0.376513 0,0.110794 -0.28786,0.133507 -1.329387,0.100261 -0.731286,-0.02216 -1.418439,-1.48e-4 -1.529238,0.05525 -0.09972,0.04432 -0.409862,0.08851 -0.686864,0.09959 -1.673095,0.06648 -3.25767,0.686865 -4.299199,1.684074 -0.07756,0.07756 -0.188437,0.14392 -0.221676,0.14392 -0.155124,0 -1.274068,1.595785 -1.551069,2.205189 -0.443203,0.98613 -0.49879,1.451796 -0.532029,4.332621 l -0.02183,2.714026 -0.54294,0.03342 c -0.288082,0.02216 -0.576381,0.07777 -0.620701,0.122093 -0.15512,0.155122 -0.08879,7.556739 0.05525,7.745105 0.08865,0.09972 0.254675,0.132826 0.509519,0.09959 0.199441,-0.03324 0.432124,-0.04415 0.498603,-0.01096 0.09972,0.03323 0.122423,1.783893 0.100262,7.39042 -0.01109,4.033156 -0.0225,7.389937 -0.0225,7.467494 0,0.07756 -0.221802,0.14427 -0.576363,0.166431 l -0.587277,0.03342 -0.03275,3.811504 c -0.02216,2.858666 0.01082,3.844459 0.110504,3.966339 0.08865,0.110794 0.254675,0.144431 0.509518,0.111177 0.199442,-0.03324 0.432125,-0.04484 0.498604,-0.01162 0.09972,0.03324 0.121908,1.00865 0.08867,4.011358 -0.02216,2.803263 0.01162,4.210571 0.100261,4.842138 0.177283,1.074769 0.741916,2.382292 1.162961,2.670376 0.675884,0.465364 0.964258,0.797436 0.842378,1.019039 -0.03214,0.06428 -0.05687,0.176605 -0.07504,0.296708 a 6.4317203,5.0024495 0 0 1 1.575623,0.810319 c 0.05764,-0.05471 0.152212,-0.02047 0.304893,0.111863 0.121882,0.121882 0.431672,0.321307 0.664353,0.454269 0.576165,0.299164 0.787266,0.155135 0.687544,-0.454269 -0.04432,-0.243762 -0.01122,-0.531908 0.05525,-0.67595 0.18836,-0.365642 0.675374,-0.73103 0.985614,-0.742111 0.155121,0 0.34397,-0.04435 0.42153,-0.08867 0.110794,-0.07756 0.133007,-5.385277 0.133007,-26.681222 0,-25.029936 0.01082,-26.6145 0.199172,-26.969062 0.132952,-0.288084 0.243731,-0.376331 0.409933,-0.34309 0.121881,0.02216 0.731414,0.04418 1.351899,0.05525 0.919645,0.01109 1.163185,-0.02206 1.329385,-0.188256 0.18836,-0.166201 0.47674,-0.188256 2.3382,-0.188256 3.10243,0 4.5209,0.265501 6.55963,1.25163 2.07198,1.008289 3.74507,2.537706 4.8974,4.509963 0.26592,0.454284 0.55337,0.997106 0.63093,1.185468 0.1662,0.398883 0.39931,0.465606 0.74279,0.210766 0.21053,-0.155123 0.19947,-0.166764 -0.0443,-0.643209 -1.97226,-3.800472 -5.07476,-6.193646 -9.10792,-7.035734 -0.53184,-0.110794 -1.69553,-0.188439 -3.29107,-0.221677 -0.89332,-0.02078 -1.46092,-0.03358 -1.82799,-0.03002 z m -5.132707,1.898932 c 0.281894,-0.0084 0.493891,0.03322 0.535442,0.137099 0.121881,0.321323 -0.08862,0.775049 -0.409936,0.85261 -0.310244,0.08865 -0.731878,0.398901 -0.731878,0.542942 0,0.09972 0.676176,0.07806 0.842378,-0.03273 0.07756,-0.04432 0.155013,-0.01135 0.188255,0.06617 0.02216,0.06649 0.02216,2.349194 0,5.063818 -0.06648,7.534464 -0.03305,27.855112 0.03342,28.398034 0.04432,0.332407 0.01069,0.686821 -0.111177,1.052464 -0.155119,0.465362 -0.165879,0.676132 -0.06617,1.207975 0.0554,0.354565 0.11049,1.894525 0.11049,3.456821 -0.01109,2.448703 -0.03277,2.781493 -0.165743,2.60421 -0.144043,-0.199441 -0.155352,-0.188482 -0.166433,0.143922 0,0.221598 0.05528,0.365596 0.143921,0.365596 0.132963,0 0.144243,0.155327 0.07776,6.016696 -0.02216,1.750657 -0.05546,2.21612 -0.177342,2.26044 -0.08865,0.03324 -0.154834,0.165958 -0.154834,0.287838 0,0.321325 -0.7538,0.986268 -1.019725,0.89763 -0.121868,-0.03324 -0.277123,-0.01122 -0.354683,0.05525 -0.07756,0.06648 -0.32099,0.110675 -0.520431,0.09959 -0.210522,-0.01109 -0.454134,0.02252 -0.553856,0.06684 -0.14404,0.0554 -0.19955,-0.04485 -0.310349,-0.554537 -0.09972,-0.409963 -0.255179,-0.742021 -0.476782,-0.974702 -0.18836,-0.188363 -0.454147,-0.576122 -0.59819,-0.864204 -0.14404,-0.288086 -0.3102,-0.543125 -0.365598,-0.576364 -0.387804,-0.243766 -0.498591,-1.883248 -0.454269,-6.824969 0.02215,-1.684174 -0.01095,-2.80341 -0.05525,-2.892052 -0.04432,-0.0554 -0.232834,-0.09959 -0.443357,-0.09959 -0.343483,0 -0.38779,-0.03354 -0.454269,-0.38811 -0.03324,-0.210522 -0.04415,-0.520658 -0.01095,-0.68686 0.07756,-0.421044 -0.100182,-0.830769 -0.332862,-0.786449 -0.177278,0.03324 -0.19935,-0.122475 -0.232589,-1.729091 -0.02216,-1.706336 -0.02227,-1.750387 0.188254,-1.694986 0.121882,0.03323 0.310217,-0.01109 0.409936,-0.08867 0.254844,-0.177283 0.08874,-0.421335 -0.232594,-0.343775 -0.321321,0.07756 -0.609103,-0.265316 -0.609103,-0.719599 0,-0.243762 0.06626,-0.321794 0.332179,-0.377195 0.476435,-0.09972 0.665034,0.08887 0.665034,0.665036 0,0.387801 0.0439,0.487373 0.254419,0.553852 0.443203,0.155125 0.465865,0.12167 0.465865,-0.620698 v -0.742112 l -0.343771,0.05525 c -0.265924,0.04432 -0.36545,0.01122 -0.420848,-0.14392 -0.0554,-0.144039 -0.02245,-0.243702 0.11049,-0.321263 0.09972,-0.06649 0.310744,-0.221889 0.465869,-0.343769 l 0.287841,-0.232594 -0.01095,-6.858391 c -0.01109,-7.335024 -0.07797,-11.21284 -0.199853,-11.711444 -0.04432,-0.166201 -0.02215,-0.520691 0.04434,-0.775533 0.07756,-0.288082 0.144098,-2.138432 0.177342,-4.853053 0.02216,-2.415462 0.08886,-4.487836 0.122092,-4.598635 0.04432,-0.110794 0.132522,-0.287872 0.210082,-0.376512 0.07756,-0.08865 0.199536,-0.398948 0.266015,-0.67595 0.144039,-0.509683 0.808943,-1.440676 1.263227,-1.750919 0.132958,-0.08865 0.310548,-0.254797 0.388105,-0.365599 0.07756,-0.110794 0.210117,-0.19917 0.298755,-0.19917 0.08865,0 0.343851,-0.11053 0.56545,-0.243505 0.401655,-0.235451 1.066923,-0.388938 1.536743,-0.403113 z m -5.475796,10.340448 c 0.141033,-0.02212 0.437898,0.166289 0.437898,0.311714 0,0.243763 -0.199913,0.442993 -0.377195,0.376513 -0.177272,-0.06649 -0.243465,-0.520994 -0.110491,-0.665036 0.01241,-0.01241 0.02965,-0.02004 0.04979,-0.02319 z m -0.448816,0.721648 c 0.243763,0 0.321128,0.06594 0.420849,0.39834 0.14404,0.476445 0.07765,0.676495 -0.232592,0.776216 l -0.243504,0.07707 0.254417,0.08867 c 0.132962,0.0554 0.277116,0.188802 0.310349,0.288524 0.03324,0.110794 0.144469,0.365492 0.244188,0.553854 0.166201,0.332403 0.165694,0.365645 -0.01162,0.498606 -0.177282,0.132962 -0.177108,0.210103 -0.01096,1.25163 0.288082,1.828218 0.310629,2.205419 0.111177,2.37162 -0.09972,0.08864 -0.177342,0.221709 -0.177342,0.31035 0,0.08865 -0.07747,0.143571 -0.188255,0.121406 -0.166204,-0.03324 -0.210781,-0.18832 -0.255101,-0.864204 -0.0554,-0.775608 -0.06676,-0.831117 -0.29944,-0.808957 -0.354561,0.04432 -0.387741,-0.188386 -0.321262,-2.038761 0.04432,-1.063689 0.02248,-1.816687 -0.06617,-2.16017 -0.15512,-0.609405 -0.02235,-0.864206 0.465183,-0.864206 z" />
    <path
       id="path22005"
       style="fill:#000000;stroke:none;stroke-width:0;stroke-miterlimit:4;stroke-dasharray:none"
       d="m 100.66683,25.457116 c -0.0847,0.0021 -0.19428,0.0194 -0.33832,0.04434 -0.365638,0.06649 -0.387922,0.08846 -0.35468,0.465184 0.03323,0.487524 -0.166113,0.687377 -0.731198,0.698458 -0.387804,0.01109 -0.410116,0.03321 -0.443356,0.409934 -0.04432,0.476444 0.199018,0.731046 0.753024,0.786447 0.310242,0.02216 0.376847,0.07798 0.354684,0.244188 -0.02216,0.110794 -0.01096,0.332054 0.03342,0.476096 0.0554,0.232682 0.110996,0.265832 0.532026,0.232592 0.46537,-0.03323 0.46537,-0.03308 0.49861,-0.509519 0.0332,-0.443204 0.0443,-0.465184 0.40993,-0.465184 0.48753,0 0.72029,-0.243688 0.72029,-0.775533 0,-0.465363 -0.13298,-0.576653 -0.54294,-0.42153 -0.43213,0.15512 -0.55404,0.0332 -0.58728,-0.587278 -0.0249,-0.473675 -0.0502,-0.604424 -0.30421,-0.598191 z" />
    <path
       d="m 47.406336,26.414841 c -0.132962,0.117761 -0.121882,0.294404 0.01109,0.422871 0.110794,0.091 0.243763,0.101703 1.551214,0.101703 1.351771,0 1.440413,-0.0054 1.595534,-0.117762 0.210522,-0.144525 0.221601,-0.262286 0.04432,-0.380048 -0.121882,-0.06959 -0.409964,-0.08565 -1.628774,-0.101703 -1.285292,-0.01606 -1.484733,-0.0054 -1.573374,0.07494 z"
       id="path22007"
       style="stroke-width:0.209;stroke-miterlimit:4;stroke-dasharray:none" />
    <path
       d="m 114.99828,29.523576 c 0.26175,1.254892 0.35769,2.001603 0.3993,4.410744 0.0183,1.058125 0.0261,2.436946 0.0328,4.320372 0.0222,6.936139 0.0222,11.58978 0,14.182522 -0.0106,0.941807 -0.0106,3.113506 -0.0106,4.819841 0.0106,3.534551 0.0106,3.711833 -0.0106,8.08847 -0.0222,2.703544 -0.0665,3.37943 -0.24376,4.265837 -0.12183,0.576165 -0.29918,1.185571 -0.38781,1.351772 -0.0887,0.155121 -0.13297,0.354562 -0.0996,0.443203 0.0333,0.07756 -0.0887,0.310243 -0.27702,0.509685 -0.17727,0.199442 -0.33239,0.487524 -0.33239,0.642646 0,0.14404 -0.0443,0.265922 -0.11087,0.265922 -0.0554,0 -0.11075,0.06648 -0.11075,0.144041 0,0.07756 -0.14404,0.310242 -0.3324,0.520764 -0.17728,0.210522 -0.32132,0.443204 -0.3324,0.498605 0,0.06649 -0.15512,0.232683 -0.34349,0.387804 -0.4432,0.354562 -0.87532,0.808847 -0.87532,0.908567 0,0.0554 -0.12188,0.08865 -0.27701,0.08865 -0.19944,0 -0.31024,0.07756 -0.3878,0.277003 -0.0554,0.155121 -0.26592,0.376722 -0.46536,0.487523 -0.19945,0.121881 -0.44321,0.299164 -0.54293,0.398884 -0.0997,0.08864 -0.25484,0.144041 -0.34348,0.110794 -0.0997,-0.04432 -0.32132,0.08865 -0.54293,0.310243 -0.28808,0.288082 -0.54292,0.421044 -1.04152,0.520764 -0.36565,0.07756 -0.84209,0.210522 -1.05261,0.310243 -0.21053,0.08865 -0.50969,0.188362 -0.66481,0.199441 -0.15512,0.01109 -0.72021,0.08865 -1.27421,0.155123 -0.65373,0.08864 -2.01658,0.121881 -3.92235,0.08864 l -2.925149,-0.04432 -0.254843,-0.310244 c -0.210522,-0.243761 -0.265923,-0.421044 -0.265923,-0.963968 0,-0.476443 -0.04432,-0.653726 -0.155121,-0.653726 -0.299162,0 -0.387803,0.310244 -0.421044,1.551214 l -0.03323,1.274211 3.39051,0.03324 c 4.21044,0.03323 6.17161,-0.132961 7.33502,-0.620485 0.17728,-0.07756 0.36564,-0.132961 0.42105,-0.132961 0.31024,0 2.09413,-0.986128 2.95838,-1.639854 1.99442,-1.506894 3.53455,-3.656433 4.22152,-5.905691 0.6094,-1.994418 0.56508,-0.542926 0.56508,-20.620059 -0.0106,-15.855616 -0.0333,-18.60348 -0.16619,-18.980204 -0.0887,-0.243761 -0.16621,-0.531845 -0.16621,-0.631565 0,-0.232682 -0.32132,-0.963968 -0.54292,-1.229891 -0.27701,-0.332403 -0.48752,-0.243761 -0.40997,0.166202 z"
       id="path22009"
       style="stroke-width:0.013186;stroke-miterlimit:4;stroke-dasharray:none"
       sodipodi:nodetypes="csccccccccssscccssccccsccsccccssccccsccccsscc" />
    <path
       id="path22011"
       style="stroke-width:0.013186;stroke-miterlimit:4;stroke-dasharray:none"
       d="M 106.22852 29.5 C 105.8057 29.494814 105.37701 29.59232 105.11523 29.779297 C 103.7413 30.754346 103.61844 32.316532 104.82617 33.369141 C 105.32477 33.812345 105.6347 33.933594 106.27734 33.933594 C 106.94215 33.933594 107.61801 33.511823 108.03906 32.835938 C 108.2939 32.414895 108.34961 32.205711 108.34961 31.640625 C 108.34961 31.153101 108.29507 30.88623 108.16211 30.742188 C 108.06241 30.631394 107.97266 30.487042 107.97266 30.431641 C 107.97266 30.287601 107.56429 29.944935 107.12109 29.701172 C 106.88356 29.570289 106.55737 29.504033 106.22852 29.5 z M 105.61523 30.708984 C 105.78436 30.706496 105.97496 30.805567 106.02344 30.964844 L 106.10156 31.21875 L 106.27734 30.964844 C 106.45462 30.710002 106.90937 30.630637 107.03125 30.830078 C 107.07555 30.896558 106.97544 31.096794 106.82031 31.285156 C 106.52115 31.639718 106.55564 31.927512 106.91016 32.126953 C 106.99886 32.171273 107.10934 32.349424 107.14258 32.515625 C 107.20908 32.792628 107.1871 32.826172 106.94336 32.826172 C 106.75499 32.826172 106.56727 32.703385 106.37891 32.470703 C 106.12407 32.149381 106.08992 32.12673 106.02344 32.326172 C 105.89048 32.647494 105.53666 32.959059 105.35938 32.892578 C 105.10453 32.792858 105.1806 32.405307 105.53516 32.083984 C 105.84541 31.818061 105.97938 31.496094 105.79102 31.496094 C 105.63589 31.485004 105.30266 30.940879 105.36914 30.830078 C 105.419 30.746978 105.51376 30.710478 105.61523 30.708984 z " />
    <path
       d="m 42.420293,31.440433 c -1.562295,0.254842 -2.803265,1.340691 -3.42375,2.958386 -0.343483,0.897487 -0.310243,2.404379 0.0554,3.246467 0.398882,0.897488 0.698045,1.285291 1.407172,1.872536 0.897488,0.731286 1.540133,0.952889 2.747864,0.952889 1.17449,0 1.828214,-0.210522 2.703542,-0.875327 1.229891,-0.91965 1.839297,-2.16062 1.839297,-3.733994 0,-1.274211 -0.398884,-2.204938 -1.329613,-3.146746 -1.074768,-1.09693 -2.45978,-1.529053 -3.999912,-1.274211 z m 0.753446,0.675886 c 0.0554,0.1662 0.07756,0.1662 0.166201,0 0.132961,-0.232682 0.465365,-0.221603 1.15233,0.02216 0.686966,0.254843 0.786687,0.321323 1.340692,0.797767 0.476444,0.409963 1.085849,1.351771 1.207731,1.861455 0.04432,0.166202 0.121881,0.354564 0.177281,0.421044 0.0554,0.08865 0.03324,0.199442 -0.08865,0.310244 -0.221603,0.221601 -0.421044,0.177281 -0.465364,-0.110808 -0.07756,-0.554005 -0.321323,-1.141249 -0.653726,-1.584453 -0.409963,-0.542924 -0.531845,-0.642645 -1.318532,-1.063689 -0.731286,-0.398884 -1.939016,-0.421044 -2.758943,-0.04432 -1.008289,0.454283 -1.828216,1.296371 -1.828216,1.883617 0,0.277002 0.254842,0.221601 0.310243,-0.0554 0.04432,-0.221602 0.576165,-0.775606 1.08585,-1.141251 0.775606,-0.542924 2.027657,-0.720205 2.681382,-0.365643 0.110807,0.0554 0.265923,0.121882 0.354563,0.166202 0.520764,0.210522 1.218811,0.775606 1.218811,0.975049 0,0.06648 0.06648,0.199441 0.144041,0.288082 0.07756,0.09972 0.243762,0.476445 0.354564,0.831007 0.155121,0.476445 0.299162,0.709127 0.520764,0.831007 0.166201,0.09972 0.310243,0.232682 0.310243,0.299163 0,0.465364 -0.720207,1.684174 -1.318532,2.227099 -0.155122,0.144042 -0.587245,0.409964 -0.941808,0.598326 -0.631565,0.332403 -0.709127,0.343482 -1.717415,0.299162 -0.919648,-0.03324 -1.14125,-0.08865 -1.662014,-0.365643 -0.808847,-0.443204 -1.329611,-1.108009 -1.839296,-2.34898 -0.221602,-0.520765 -0.166201,-0.808847 0.155121,-0.808847 0.221602,0 0.343483,-0.199442 0.343483,-0.565085 0,-0.277003 -0.188362,-0.265922 -0.277002,0.01109 -0.03324,0.121881 -0.121882,0.221601 -0.177281,0.221601 -0.177283,0 -0.254843,-0.354563 -0.121882,-0.565085 0.07756,-0.110794 0.132961,-0.321323 0.132961,-0.454284 0.01109,-0.653726 0.897488,-1.839295 1.695255,-2.271419 0.842087,-0.454284 1.695254,-0.598326 1.817136,-0.299162 z"
       id="path22013"
       style="stroke-width:0.013186;stroke-miterlimit:4;stroke-dasharray:none" />
    <path
       id="path22017"
       style="stroke-width:0.013186;stroke-miterlimit:4;stroke-dasharray:none"
       d="M 102.5332 33.822266 L 101.73633 33.833984 C 101.17125 33.833984 100.85961 33.888522 100.66016 34.021484 C 100.15048 34.364967 99.708493 34.930446 99.564453 35.417969 C 99.453659 35.816853 99.453622 36.005264 99.597656 36.537109 C 99.786018 37.257315 100.11837 37.668236 100.81641 38.011719 C 101.44798 38.333042 102.00064 38.321999 102.58789 37.978516 C 104.09478 37.092108 104.29434 35.59644 103.06445 34.355469 L 102.5332 33.822266 z M 101.10352 35.041016 C 101.21431 35.041016 101.36907 35.141791 101.43555 35.263672 C 101.50205 35.385554 101.62557 35.484375 101.70312 35.484375 C 101.79172 35.484375 101.87887 35.385555 101.91211 35.263672 C 101.94531 35.108551 102.06749 35.041016 102.25586 35.041016 C 102.63258 35.041016 102.63258 35.318515 102.25586 35.761719 C 102.02317 36.027641 101.98952 36.160423 102.04492 36.503906 C 102.11142 36.880629 102.08944 36.93675 101.8457 37.025391 C 101.69058 37.091871 101.53651 37.190695 101.49219 37.246094 C 101.47528 37.27376 101.45325 37.294922 101.42969 37.3125 C 101.39009 37.284459 101.35279 37.25269 101.31836 37.21875 C 101.26786 37.16663 101.21639 37.114739 101.16602 37.0625 C 101.22306 36.97939 101.26071 36.802617 101.28125 36.525391 C 101.31445 36.071107 101.2808 35.92792 101.10352 35.761719 C 100.80435 35.495796 100.80435 35.041016 101.10352 35.041016 z " />
    <path
       id="path22019"
       style="stroke-width:0.013186;stroke-miterlimit:4;stroke-dasharray:none"
       d="M 110.73242 33.822266 C 110.23381 33.822266 109.93449 33.888523 109.71289 34.021484 C 108.8708 34.575489 108.45039 35.452121 108.57227 36.349609 C 108.64987 36.925774 108.9153 37.335379 109.54688 37.833984 C 109.96792 38.155307 110.08981 38.199219 110.69922 38.199219 C 111.28646 38.199219 111.46309 38.155271 111.87305 37.867188 C 112.72622 37.268862 113.22509 35.895163 112.79297 35.330078 C 112.70427 35.208196 112.62695 35.030723 112.62695 34.919922 C 112.62695 34.820202 112.36038 34.532186 112.03906 34.277344 C 111.48506 33.8563 111.39723 33.822266 110.73242 33.822266 z M 110.67773 35.035156 C 110.84532 35.022691 111.02684 35.185813 111.1875 35.529297 C 111.30938 35.8063 111.4082 36.071552 111.4082 36.126953 C 111.4082 36.182353 111.48562 36.293534 111.57422 36.371094 C 111.66292 36.448654 111.74023 36.625489 111.74023 36.769531 C 111.74023 37.124094 111.40791 37.125419 111.09766 36.759766 C 110.9647 36.604645 110.7651 36.482422 110.6543 36.482422 C 110.5435 36.482422 110.38875 36.604645 110.32227 36.759766 C 110.1893 37.047849 109.82373 37.135663 109.67969 36.914062 C 109.61319 36.803255 109.92364 36.060696 110.08984 35.927734 C 110.13414 35.894504 110.19981 35.750824 110.24414 35.595703 C 110.35494 35.2356 110.51015 35.047621 110.67773 35.035156 z " />
    <path
       id="path22021"
       style="stroke-width:0.013186;stroke-miterlimit:4;stroke-dasharray:none"
       d="m 106.10938,38.083984 c -0.1156,2.34e-4 -0.23315,0.0097 -0.35157,0.02734 -0.43213,0.06649 -0.98674,0.387022 -1.19726,0.697266 -0.88641,1.329611 -0.76498,2.349282 0.39843,3.224609 0.554,0.421044 0.67711,0.464844 1.24219,0.464844 0.68697,0 1.06251,-0.17639 1.63867,-0.796875 0.43213,-0.465365 0.60949,-1.052668 0.50977,-1.695313 -0.1707,-1.134671 -1.12285,-1.92413 -2.24023,-1.921875 z m -0.18165,1.292969 c 0.0984,-0.003 0.21179,-5.01e-4 0.32813,0.0078 0.54292,0.03324 0.55465,0.03407 0.58789,0.421875 0.0111,0.210522 0.0879,0.497898 0.1543,0.630859 0.26592,0.531845 -0.52075,1.063436 -1.18555,0.808594 -0.26592,-0.09972 -0.27734,-0.155395 -0.27734,-0.919922 0,-0.454283 0.0337,-0.852165 0.0781,-0.896484 0.0277,-0.0277 0.15041,-0.04776 0.31445,-0.05273 z m 0.17188,1.425781 c -0.0735,-0.008 -0.12109,-0.05881 -0.12109,-0.136719 0,-0.110794 0.0994,-0.177734 0.23242,-0.177734 0.26592,0 0.23401,0.255147 -0.043,0.310546 -0.0242,0.0048 -0.0478,0.0061 -0.0684,0.0039 z"
       sodipodi:nodetypes="scccsscssccccscssssss" />
    <path
       d="m 106.1191,39.73118 c -0.0735,0.008 -0.12109,0.05881 -0.12109,0.136719 0,0.110794 0.0994,0.177734 0.23242,0.177734 0.26592,0 0.23401,-0.255147 -0.043,-0.310546 -0.0242,-0.0048 -0.0478,-0.0061 -0.0684,-0.0039 z"
       style="stroke-width:0.013186;stroke-miterlimit:4;stroke-dasharray:none"
       id="path2275" />
    <path
       d="m 42.298411,45.700516 c -0.842088,0.454283 -1.362851,1.473652 -1.21881,2.426541 0.06648,0.454283 0.565084,1.16341 1.08585,1.529053 0.587244,0.421043 1.540132,0.387803 2.182778,-0.0554 0.720206,-0.509684 1.063689,-1.096929 1.07477,-1.794975 0,-0.565086 -0.199443,-1.11909 -0.509685,-1.440413 -0.08865,-0.07756 -0.155122,-0.199441 -0.155122,-0.254842 0,-0.06649 -0.1662,-0.177281 -0.376722,-0.265922 -0.210522,-0.08865 -0.409965,-0.210522 -0.454285,-0.277002 -0.121882,-0.199443 -1.18557,-0.110794 -1.628774,0.13296 z m 1.606614,0.332403 c 0.199442,0.14404 0.376723,0.265922 0.398883,0.288082 0.03324,0.01109 0,0.07756 -0.06648,0.144041 -0.08865,0.08865 -0.04432,0.232682 0.144042,0.509685 0.188362,0.277002 0.265921,0.554005 0.265921,0.908567 0,0.443204 -0.0554,0.576166 -0.365643,0.875329 -0.554004,0.531844 -0.930728,0.631564 -1.529053,0.376722 -0.265922,-0.121881 -0.587244,-0.321323 -0.698045,-0.454284 -0.221603,-0.243762 -0.343484,-0.930728 -0.210522,-1.229891 0.03323,-0.08864 0.0554,-0.299162 0.04432,-0.454283 -0.02216,-0.221603 0.09972,-0.398884 0.509684,-0.753446 0.620485,-0.520765 0.975048,-0.576166 1.506893,-0.210522 z"
       id="path22025"
       style="stroke-width:0.013186;stroke-miterlimit:4;stroke-dasharray:none" />
    <path
       d="m 42.785936,47.495491 c -0.310244,0.432124 -0.332404,0.498605 -0.166202,0.554005 0.232682,0.0554 1.14125,0 1.21881,-0.08865 0.07756,-0.07756 -0.487524,-0.952889 -0.609404,-0.952889 -0.0554,0 -0.254842,0.221603 -0.443204,0.487524 z"
       id="path22029"
       style="stroke-width:0.013186;stroke-miterlimit:4;stroke-dasharray:none" />
    <path
       d="m 104.2395,47.861134 c -0.98612,0.520765 -1.36285,0.853167 -1.83929,1.595534 -1.00829,1.606614 -0.96397,3.545631 0.11079,5.085764 0.65373,0.930728 1.96118,1.794975 2.91407,1.927936 0.58724,0.07756 1.88361,-0.06648 2.43762,-0.288082 0.99721,-0.376723 1.92794,-1.329611 2.49302,-2.537342 0.36564,-0.797767 0.39888,-2.448701 0.0554,-3.312949 -0.42104,-1.063689 -1.76174,-2.537342 -2.3379,-2.548421 -0.0887,0 -0.26592,-0.07756 -0.3878,-0.166202 -0.15512,-0.110794 -0.53185,-0.155121 -1.42934,-0.166202 -1.19665,0 -1.24097,0.01109 -2.01657,0.409964 z m 3.34619,0.376723 c 1.03045,0.387803 1.77282,1.229891 2.14954,2.437622 0.2216,0.720205 0.0886,1.17449 -0.19944,0.675885 -0.0997,-0.155121 -0.11079,-0.132961 -0.12188,0.155122 0,0.210521 0.0887,0.421043 0.2216,0.542924 0.28808,0.265922 0.277,0.476444 -0.0554,1.240971 -0.3878,0.875327 -0.75345,1.318531 -1.46257,1.772815 -0.49861,0.321324 -0.75345,0.398884 -1.48474,0.476445 -1.37393,0.132961 -2.2271,-0.177283 -3.13566,-1.141251 -0.46537,-0.509684 -0.72021,-1.008288 -0.85317,-1.684174 -0.0665,-0.354562 -0.0443,-0.465364 0.12188,-0.576165 0.11079,-0.07756 0.28808,-0.376724 0.3878,-0.664805 0.55401,-1.595534 0.81993,-1.872537 2.37114,-2.470862 0.57617,-0.221601 0.62049,-0.221601 1.21882,-0.0554 0.34348,0.09972 0.69804,0.232682 0.78668,0.288083 0.0887,0.0554 0.277,0.144042 0.39888,0.199441 0.26593,0.121882 1.04153,1.019369 1.04153,1.218811 0,0.06648 0.0997,0.121881 0.23269,0.121881 0.18836,0 0.21052,-0.04432 0.14404,-0.254842 -0.26593,-0.853167 -0.67589,-1.252051 -1.91686,-1.839296 -0.85317,-0.409963 -1.99442,-0.299162 -3.05811,0.288082 -0.79776,0.443204 -1.61769,1.562295 -1.65093,2.24926 -0.0111,0.166202 -0.0776,0.277003 -0.17728,0.277003 -0.37672,0 -0.0222,-1.285291 0.57616,-2.071978 0.36565,-0.476445 1.32962,-1.13017 1.86146,-1.285292 0.66481,-0.177281 1.99442,-0.132961 2.60382,0.09972 z"
       id="path22031"
       style="stroke-width:0.013186;stroke-miterlimit:4;stroke-dasharray:none" />
    <path
       d="m 37.810972,49.922032 c -0.04432,0.06648 -0.277002,0.277002 -0.498604,0.443204 -0.631566,0.465364 -1.09693,1.772815 -0.764526,2.127379 0.0554,0.06648 0.15512,0.288081 0.221601,0.498603 0.144041,0.443204 1.019369,1.15233 1.573374,1.274212 0.587245,0.13296 1.318531,-0.155121 1.883617,-0.731286 0.720206,-0.742367 0.864246,-1.606615 0.398882,-2.470862 -0.277002,-0.520765 -0.398882,-0.653726 -0.930727,-1.041529 -0.277002,-0.188362 -0.509684,-0.243763 -1.07477,-0.243763 -0.454283,0 -0.753446,0.0554 -0.808847,0.144042 z m 1.717415,0.454283 c 0.132961,0.144042 0.243762,0.376724 0.243762,0.498605 0,0.132961 0.132962,0.365643 0.288083,0.509685 0.243762,0.232682 0.288082,0.343483 0.232682,0.664805 -0.188362,1.17449 -1.473652,1.861456 -2.360061,1.252052 -0.908568,-0.620486 -0.930728,-1.650935 -0.04432,-2.836505 0.232682,-0.321322 0.321322,-0.354563 0.819926,-0.354563 0.454285,0 0.620487,0.0554 0.819928,0.265921 z"
       id="path22037"
       style="stroke-width:0.013186;stroke-miterlimit:4;stroke-dasharray:none" />
    <path
       d="m 38.475779,51.506486 c -0.498605,0.243762 -0.520765,0.432124 -0.110807,0.675885 0.775607,0.454285 0.875327,0.421044 0.897487,-0.343483 0.01109,-0.376723 -0.02216,-0.454283 -0.210521,-0.476443 -0.121881,-0.02216 -0.376723,0.04432 -0.576164,0.144041 z"
       id="path22041"
       style="stroke-width:0.013186;stroke-miterlimit:4;stroke-dasharray:none" />
    <path
       d="m 46.86341,49.966352 c -1.119089,0.742367 -1.551213,1.761736 -1.185569,2.770024 0.1662,0.443204 0.897488,1.229891 1.27421,1.373933 0.166202,0.06648 0.587246,0.121881 0.930728,0.121881 0.542926,0 0.686966,-0.04432 1.08585,-0.365643 0.664805,-0.531845 0.930728,-1.019369 0.919648,-1.695254 -0.01109,-0.986129 -0.121882,-1.252051 -0.786687,-1.839297 -0.598325,-0.531844 -0.642646,-0.554004 -1.296372,-0.554004 -0.443202,0 -0.764525,0.06648 -0.941808,0.188361 z m 1.750655,0.509685 c 0.166202,0.265923 0.166202,0.321322 0.02216,0.421044 -0.14404,0.08864 -0.132961,0.13296 0.0554,0.299162 0.387803,0.332404 0.576165,0.731286 0.531844,1.08585 -0.06648,0.443204 -0.598325,1.030448 -1.052608,1.152329 -0.664807,0.199442 -1.639854,-0.199441 -1.639854,-0.664805 0,-0.110794 -0.07756,-0.221603 -0.166202,-0.265923 -0.121881,-0.04432 -0.155121,-0.199441 -0.132961,-0.587244 0.04432,-0.576165 0.177281,-0.875328 0.686966,-1.440413 0.299162,-0.354563 0.365643,-0.376724 0.919648,-0.343483 0.509684,0.03323 0.620485,0.07756 0.775607,0.343483 z"
       id="path22043"
       style="stroke-width:0.013186;stroke-miterlimit:4;stroke-dasharray:none" />
    <path
       d="m 47.195814,51.816728 c 0,0.731286 0.132961,0.808847 0.764527,0.443204 0.476443,-0.288083 0.587244,-0.565085 0.265921,-0.664805 -0.110794,-0.03324 -0.332402,-0.132962 -0.498604,-0.221603 -0.465364,-0.254842 -0.531844,-0.199441 -0.531844,0.443204 z"
       id="path22047"
       style="stroke-width:0.013186;stroke-miterlimit:4;stroke-dasharray:none" />
    <path
       d="m 42.320571,54.26543 c -0.07756,0.08864 -0.199441,0.166201 -0.265921,0.166201 -0.132962,0 -0.609406,0.554005 -0.831007,0.975049 -0.07756,0.14404 -0.144042,0.554005 -0.155123,0.897488 -0.02216,0.565084 0.02216,0.709125 0.354564,1.19665 0.531845,0.775606 1.119089,1.085849 1.927936,0.997209 0.764527,-0.07756 1.11909,-0.277003 1.662014,-0.94181 0.376724,-0.476443 0.409965,-0.576164 0.409965,-1.21881 0,-0.631564 -0.03324,-0.742366 -0.409965,-1.252051 -0.576165,-0.764525 -0.986128,-0.986128 -1.850375,-0.986128 -0.487524,0 -0.742366,0.0554 -0.842088,0.166202 z m 1.728495,0.443204 c 0.432124,0.465364 0.531845,0.742366 0.554005,1.573373 l 0.03324,0.786687 -0.409965,0.310242 c -0.332402,0.254843 -0.520764,0.310244 -1.041528,0.321323 -0.542925,0 -0.675886,-0.04432 -0.952888,-0.310242 -0.432124,-0.409964 -0.598325,-1.041529 -0.387803,-1.451492 0.08864,-0.155123 0.13296,-0.376724 0.121881,-0.487525 -0.02216,-0.132962 0.03324,-0.177282 0.177282,-0.155122 0.177282,0.03324 0.199442,0.01109 0.08865,-0.110794 -0.09972,-0.121882 -0.07756,-0.221601 0.110794,-0.454284 0.210522,-0.254842 0.321323,-0.299162 0.842088,-0.299162 0.509683,0 0.653725,0.04432 0.864247,0.277002 z"
       id="path22049"
       style="stroke-width:0.013186;stroke-miterlimit:4;stroke-dasharray:none" />
    <path
       d="m 42.741615,55.728003 c -0.277002,0.06648 -0.254842,0.199441 0.144042,0.764526 0.299163,0.443203 0.542924,0.554005 0.542924,0.254841 0,-0.06648 0.121881,-0.277002 0.288083,-0.487523 0.210521,-0.277002 0.243762,-0.387804 0.132961,-0.454284 -0.155122,-0.09972 -0.808847,-0.144041 -1.10801,-0.07756 z"
       id="path22053"
       style="stroke-width:0.013186;stroke-miterlimit:4;stroke-dasharray:none" />
    <path
       id="path22059"
       style="fill:#000000;stroke:none;stroke-width:0.00011069;stroke-miterlimit:4;stroke-dasharray:none"
       d="m 47.852723,60.917488 c -0.126201,0.0021 -0.260158,0.02225 -0.368328,0.0021 -0.100808,6.99e-4 -0.201358,0.0021 -0.302163,0.0028 -0.867872,0.03133 -1.757921,-3.49e-4 -2.611031,0.08253 -0.208566,0.367022 -0.08822,0.836683 -0.135738,1.244809 0.02106,0.723229 -0.06293,1.46548 0.08595,2.176541 0.21517,0.493513 0.85954,0.40293 1.299376,0.422214 0.703888,-0.01243 1.418253,0.01505 2.115153,-0.03683 0.322237,-0.1959 0.353982,-0.526469 0.321948,-0.871025 -0.0082,-0.969757 0.08093,-1.955644 -0.08117,-2.915244 -0.01191,-0.01404 -0.02462,-0.02609 -0.0382,-0.03683 -0.02294,-0.05157 -0.07056,-0.06057 -0.123459,-0.0573 -0.05083,-0.0118 -0.105618,-0.01456 -0.162336,-0.01365 z" />
    <path
       id="path22061"
       style="fill:#000000;stroke:none;stroke-width:0.00011069;stroke-miterlimit:4;stroke-dasharray:none"
       d="m 103.23353,60.816539 c -0.0789,-0.0025 -0.15892,0.0015 -0.23942,0.01161 h -0.0525 l -0.0525,6.81e-4 c -0.91196,-0.01175 -1.72615,0.769956 -1.89484,1.641104 -0.074,0.571555 0.0183,1.190241 0.4379,1.616549 0.42218,0.46812 1.01781,0.894723 1.67316,0.85056 0.8659,-0.09439 1.72529,-0.658278 1.9385,-1.538789 0.0631,-0.626509 0.10835,-1.365705 -0.38334,-1.845046 -0.36651,-0.407089 -0.8744,-0.719485 -1.42692,-0.736653 z" />
  </g>
</svg>
