<?xml version="1.0" encoding="UTF-8" standalone="no"?>
<!-- Created with Inkscape (http://www.inkscape.org/) -->

<svg
   class="scaling-svg"
   viewBox="-18 -10 400 200"
   preserveAspectRatio="xMidYMin slice"
   width="100%" 
   version="1.1"
   id="svg5"
   >
  <g
     dark 
     transform="scale(2.4)"
     stroke-width="0.3" 
     font-family="Noto Sans JP" 
     font-size="4px"
     >
      <path
         id="path38737"
         d="m 242.6804,232.72752 2540.4819,7.58126 -3.8322,1284.16422 -752.6627,-2.246 c -0.1073,-1.974 -0.1517,-3.9496 -0.3776,-5.9192 11.3276,-1.76 20.735,-5.6392 21.2815,-13.794 13.565,-12.6959 7.5299,-25.2349 -2.7794,-35.6334 7.7452,-12.0117 -2.7114,-13.702 -17.0677,-13.9817 -3.4075,-2.4506 -6.5354,-4.6746 -8.6821,-6.398 -13.7617,-11.0476 -17.9922,-9.7889 -17.425,-2.2785 -3.6397,-0.1451 -7.2748,-0.3165 -10.9114,-0.5598 -5.355,-2.4837 -12.4724,-2.0075 -19.4332,-1.8012 -5.3455,-0.6242 -10.68,-1.353 -15.9896,-2.201 -5.0207,-2.2787 -10.5329,-5.3997 -11.5535,-1.3968 -0.683,2.6776 -1.2111,5.3683 -1.6355,8.0811 -23.1961,-2.3857 -46.3863,-4.8563 -69.5882,-7.1803 -7.753,-0.9515 -15.5134,-1.8559 -23.2681,-2.7941 -26.2884,-14.614 -43.534,-20.3472 -39.3611,-4.7171 -66.8573,-7.9744 -133.7309,-15.8273 -200.4641,-24.7682 -149.6289,-20.0474 -467.254,-68.7165 -601.3677,-92.381 -50.86172,-8.9746 -100.9983,-21.6478 -151.545,-32.2541 -57.23247,-12.0093 -114.44503,-24.1557 -171.79399,-35.5958 -12.53775,-2.5011 -25.23227,-4.1479 -37.84782,-6.2214 -38.03221,-6.2507 -59.20711,11.2338 -59.97487,30.7586 -0.67744,17.2278 14.52637,36.0395 48.08422,41.5549 12.61553,2.0734 25.31053,3.7177 37.84781,6.2213 56.35008,11.2521 112.55738,23.2322 168.7927,35.0449 50.42112,10.5913 100.44176,23.21 151.17909,32.1651 137.43886,24.2579 453.17456,72.7357 606.09656,93.2301 88.1059,11.8077 176.4583,21.6704 264.6893,32.5038 -34.483,-43.3274 -50.466,-68.1588 -53.6962,-80.2582 13.1205,1.565 26.2434,3.13 39.3611,4.7171 23.7464,13.2009 54.724,33.5033 84.3366,52.2392 -1.9008,7.1009 -3.2977,14.2788 -3.5655,21.6399 -0.219,6.0234 11.8239,2.3255 17.7585,3.3782 8.4303,1.4955 17.9353,7.3397 26.2982,8.4427 l -920.1671,-2.7459 c 3.8142,-1.7547 7.6153,-3.5555 11.427,-5.3126 65.8884,-30.3697 35.121,-96.9996 -30.7243,-66.5374 -2.9928,1.3845 -5.9752,2.7989 -8.9774,4.1628 -4.1177,1.8705 -6.6411,2.8148 -8.36,3.476 -2.748,-1.1484 -5.5598,-1.9425 -8.52,-1.8272 -12.38114,0.4821 -24.54083,5.194 -35.5113,10.9537 -5.35058,2.8092 -8.4381,8.7603 -11.71614,13.8371 -16.17741,25.0536 -19.91669,19.9958 -5.54663,27.7131 -4.60909,5.3602 -7.9617,9.7648 -11.01114,13.2094 l -65.03881,-0.1941 c -95.82666,-25.4842 -119.3924,-51.0323 -214.22903,-114.6779 -43.75114,-29.3616 -88.32407,-57.6557 -130.29499,-89.5103 -9.4276,-7.1552 -15.41377,-17.954 -23.12285,-26.9344 -34.70394,-40.4267 -73.92168,-25.4195 -73.5863,7.2072 0.12131,11.8012 5.41749,25.9051 17.96996,40.5275 59.83695,69.7042 21.32033,29.2514 167.09196,128.8048 26.02128,17.771 51.41219,36.7287 77.75409,54.0507 l -462.6542,-1.3807 z M 2001.6169,1444.2222 c 2.2125,0.088 4.4227,0.2172 6.635,0.2688 1.9113,0.043 7.2881,-1.3667 5.7283,-0.2612 -2.9521,2.0918 -7.1963,3.4692 -11.6011,4.7408 -0.4064,-1.7797 -0.6574,-3.3619 -0.7622,-4.7483 z m 0.7622,4.7484 c 0.2147,0.9415 0.4369,1.8962 0.7233,2.9318 -0.8732,-0.7876 -1.7241,-1.585 -2.5563,-2.3953 0.6208,-0.1752 1.2147,-0.3579 1.8327,-0.5368 z m 0.7233,2.9318 c 0.1466,0.1317 0.291,0.2656 0.4383,0.3966 -0.1125,-0.01 -0.2249,-0.023 -0.3366,-0.031 -0.03,-0.1148 -0.067,-0.2529 -0.1017,-0.3663 z m 0.4383,0.3966 c 0.01,8e-4 0.023,-8e-4 0.03,0 7.8057,0.6848 16.4935,0.4505 24.1537,0.5994 5.4648,3.9302 11.7616,8.6296 17.0677,13.9816 -1.9546,3.0313 -5.3193,6.8661 -9.8045,11.3527 -9.1771,-9.3611 -21.4534,-17.0219 -31.4461,-25.9338 z m 31.4462,25.9337 c 5.7025,5.8168 10.2255,12.286 12.1859,20.1634 0.3684,1.4801 0.4828,2.8497 0.398,4.1174 -4.1634,3.8967 -10.1145,7.8003 -18.4187,11.6639 -1.1788,-1.3496 -2.4351,-2.657 -3.7236,-3.9516 -1.1165,-6.3211 -2.8567,-12.5837 -5.0417,-18.7212 5.9373,-5.0513 10.7905,-9.4609 14.6001,-13.2719 z m -1015.3388,-22.0434 c 0.189,-9e-4 0.2085,0 0.4102,0 4.1331,1.9142 16.8165,6.8683 12.4048,5.7353 -4.4454,-1.1414 -8.596,-3.6922 -12.8149,-5.7365 z m 3.48,61.0214 c 0.7474,-1.1283 1.53,-2.2471 2.3391,-3.3328 0.2824,-0.3779 0.7785,1.0953 0.3912,1.3634 -0.9132,0.6333 -1.8245,1.3048 -2.7305,1.9694 z m 955.4195,4.8727 c 2.0714,-0.2661 4.0723,-0.8269 5.8805,-2.1798 0.2165,-0.1613 0.3729,-0.2914 0.5871,-0.452 1.975,1.0624 3.5523,1.7094 5.4266,2.6676 z" />
    </clipPath>
  </defs>
  <g
     inkscape:label="Layer 1"
     inkscape:groupmode="layer"
     id="layer1">
    <path
       d="m 53.537685,21.775923 c -1.20665,0.280616 -1.824006,0.701541 -4.265368,3.058717 -1.150527,1.094404 -2.188807,1.992376 -2.301054,1.992376 -0.392862,0 -1.431143,1.71176 -1.431143,2.4133 0,0.420925 -0.140308,0.589295 -0.336739,0.477048 -0.16837,-0.08419 -0.224493,-0.05612 -0.08418,0.05612 0.112246,0.140308 0,0.533171 -0.252555,0.897973 -0.954095,1.487266 -4.040875,9.877693 -4.489861,12.290993 -0.308678,1.627575 -0.392862,1.908191 -0.70154,2.272992 -0.16837,0.224494 -0.252555,0.392863 -0.196432,0.392863 0.08418,0 -0.16837,1.290835 -0.533171,2.862287 -0.757664,3.28321 -0.813787,3.648011 -1.066342,6.03325 -0.112246,0.982157 -0.280616,1.767883 -0.392863,1.767883 -0.112246,0 -0.140308,0.477047 -0.08418,1.03828 0.05612,0.617356 0,0.926034 -0.140309,0.729602 -0.224493,-0.308678 -0.364801,1.964314 -0.308678,4.826601 0.02806,0.448986 0,1.290835 -0.05612,1.824006 l -0.08418,0.982157 -0.224493,-1.122465 c -0.140308,-0.785726 -0.16837,-0.392863 -0.08418,1.262773 0.05612,1.318897 0.16837,2.693916 0.252555,3.086779 0.08418,0.392863 0.224493,1.010219 0.308678,1.403082 0.08418,0.364801 0.561233,1.431143 1.03828,2.357177 1.936253,3.648012 5.612326,6.117435 9.344523,6.285805 3.732197,0.196431 4.630169,-0.729603 9.204215,-9.316461 1.627574,-3.08678 3.199026,-5.836819 3.45158,-6.145497 1.346958,-1.459205 1.234712,-1.459205 14.816541,-1.459205 14.030815,0 13.94663,0 15.377773,1.852067 0.392863,0.533171 1.880129,3.170965 3.283211,5.864881 4.574045,8.671044 5.556203,9.569016 9.877687,9.176153 3.25515,-0.280616 6.90317,-2.862286 8.58686,-6.03325 1.57145,-2.946471 2.13269,-7.492456 1.45921,-12.122625 -0.14031,-1.010218 -0.33674,-2.525546 -0.42093,-3.367395 -0.25255,-2.020437 -1.96431,-10.607296 -2.32911,-11.505268 -0.14031,-0.392863 -0.25256,-0.757664 -0.25256,-0.841849 0,-0.08418 -0.16837,-0.813788 -0.3648,-1.655636 -0.25255,-1.038281 -0.42092,-1.37502 -0.61735,-1.122466 -0.16837,0.280617 -0.19643,0.16837 -0.0842,-0.308678 0.19643,-0.785725 -0.67348,-3.423518 -3.1429,-9.737385 -1.3189,-3.423519 -1.73982,-4.153121 -2.72198,-5.051094 -0.61735,-0.561232 -1.20665,-1.178588 -1.29083,-1.346958 -0.0842,-0.196431 -0.92604,-1.066342 -1.88013,-1.936252 -1.908192,-1.767883 -3.451582,-2.413301 -5.66845,-2.413301 -0.701541,0.02806 -1.655637,0.196432 -2.132684,0.420925 -0.813788,0.364801 -0.841849,0.364801 -0.140308,0.392863 0.392862,0.02806 1.010218,0.112246 1.403081,0.196431 0.561233,0.140308 0.617356,0.112247 0.280616,-0.16837 -0.336739,-0.252554 -0.140308,-0.280616 0.954096,-0.168369 1.655636,0.196431 3.535765,0.757664 3.535765,1.03828 0,0.112246 -0.280616,0.140308 -0.617356,0.08418 -0.364801,-0.05612 -0.112246,0.05612 0.50511,0.280616 1.37502,0.448986 2.44136,1.010219 2.30105,1.150527 -0.0561,0.05612 -1.0944,-0.196431 -2.329112,-0.589294 -2.441362,-0.785726 -7.969503,-1.795945 -9.737386,-1.795945 -0.841848,0 -1.290835,0.196432 -1.880129,0.757664 l -0.785725,0.785726 -10.775666,-0.02806 c -5.921004,-0.02806 -11.785885,0.05612 -13.020597,0.196432 -1.234711,0.112246 -3.760258,0.336739 -5.612326,0.505109 -1.852067,0.16837 -4.461799,0.617356 -5.808757,0.982157 -2.441362,0.673479 -2.946471,0.729603 -1.964314,0.196432 1.571451,-0.841849 14.058876,-3.058718 12.964473,-2.301054 -0.308678,0.224493 -0.08418,0.308678 0.926034,0.308678 0.982157,0 1.318896,-0.112247 1.262773,-0.364801 -0.196431,-0.533171 -1.37502,-1.038281 -2.525547,-1.038281 -1.234711,0 -7.127654,0.982157 -8.109811,1.37502 -2.637793,0.982157 -4.8266,1.262774 -2.497485,0.308678 0.448986,-0.196431 0.841849,-0.477048 0.841849,-0.617356 0,-0.140308 0.280616,-0.168369 0.645418,-0.08419 0.420924,0.112247 0.505109,0.08419 0.252554,-0.08418 -0.308678,-0.196432 -0.280616,-0.308678 0.140308,-0.477048 0.813788,-0.33674 3.704136,-0.617356 3.535766,-0.33674 -0.112247,0.196432 1.852067,-0.02806 2.132684,-0.252554 0.05612,-0.05612 -0.224493,-0.224493 -0.645418,-0.392863 -0.86991,-0.308678 -2.946471,-0.33674 -4.293429,0 z m 37.995447,1.711759 c 2.272992,0.308678 8.334304,1.739821 9.681258,2.244931 0.42093,0.168369 0.84185,0.533171 0.92604,0.785725 0.0842,0.252555 0.50511,0.645418 0.95409,0.926034 0.5893,0.308678 1.17859,1.178589 1.99238,2.890348 0.64542,1.346958 1.0944,2.497485 1.01022,2.58167 -0.0842,0.08418 0.11224,0.785726 0.44898,1.599513 0.9541,2.441362 0.86991,2.357177 -0.47704,-0.364801 -1.54339,-3.114841 -3.14291,-4.798539 -5.30365,-5.612326 -1.936254,-0.701541 -5.47202,-1.431144 -6.818978,-1.403082 -0.673479,0.02806 -0.813787,0.08418 -0.364801,0.140308 0.392863,0.05612 1.655636,0.280617 2.806163,0.477048 l 2.104622,0.33674 -1.403081,0.168369 c -1.346959,0.16837 -1.346959,0.16837 0.336739,0.140308 1.066342,-0.02806 1.655636,0.05612 1.515328,0.196432 -0.140308,0.140308 -1.262773,0.224493 -2.497485,0.16837 -1.234712,-0.05612 -2.104622,-0.02806 -1.936252,0.08418 0.196431,0.112246 0.224493,0.224493 0.05612,0.224493 -0.140308,0 -0.589294,0.08418 -0.982157,0.168369 -0.561233,0.112247 -0.617356,0.08419 -0.280616,-0.140308 0.53317,-0.364801 0.02806,-0.392863 -0.561233,-0.02806 -0.364801,0.252554 -0.364801,0.280616 0,0.280616 0.224493,0.02806 0.08418,0.224493 -0.364801,0.448986 -0.420925,0.224493 -0.897972,0.33674 -1.038281,0.252555 -0.168369,-0.112247 -0.252554,-0.02806 -0.224493,0.168369 0.05612,0.16837 -0.08418,0.392863 -0.308678,0.477048 -0.224493,0.05612 -0.308677,0.02806 -0.224493,-0.112246 0.08418,-0.140309 -0.70154,-0.280617 -1.739821,-0.308678 -1.010218,-0.05612 -2.385238,-0.140308 -3.030656,-0.224493 l -1.20665,-0.16837 v -1.54339 -1.571451 l 4.153121,0.140308 c 3.199026,0.112247 3.591889,0.112247 1.739822,-0.08418 -1.318897,-0.112246 -3.311273,-0.224493 -4.405676,-0.252554 L 84.040677,26.5464 v 1.739821 1.767883 l -10.186372,0.05612 c -5.584264,0.02806 -10.972097,0.16837 -11.982316,0.308678 -1.122465,0.140308 1.992376,0.16837 8.137873,0.112246 5.472017,-0.08419 12.319055,-0.02806 15.209403,0.08418 l 5.275587,0.196432 -1.262774,1.403081 c -1.711759,1.908191 -2.469423,3.984752 -2.469423,6.818976 0,4.966909 2.834224,8.614921 7.773071,9.961879 l 1.683698,0.477048 -1.010219,0.954095 c -0.561232,0.533171 -2.160745,2.216869 -3.563827,3.760258 -1.431143,1.54339 -3.086779,3.142903 -3.732196,3.563827 L 86.762655,58.53665 H 75.31351 c -7.352147,0 -11.729762,-0.112246 -12.206809,-0.308678 -0.448986,-0.140308 -1.992376,-1.571451 -3.479642,-3.142902 -1.459205,-1.54339 -3.283211,-3.479643 -4.040875,-4.265368 l -1.37502,-1.403082 1.094403,1.403082 c 4.181183,5.472018 7.352148,8.839413 8.278181,8.839413 0.224493,0 0.16837,-0.140308 -0.112246,-0.364801 -0.392863,-0.280616 1.683698,-0.336739 10.663419,-0.336739 6.145497,0 11.645577,-0.08418 12.206809,-0.196432 0.841849,-0.140308 1.038281,-0.08418 1.122465,0.280616 0.05612,0.308678 0.589295,-0.112246 1.739822,-1.431143 0.897972,-1.010218 1.739821,-1.795944 1.852067,-1.739821 0.112247,0.08418 0.448986,-0.140308 0.729602,-0.505109 0.448987,-0.505109 0.448987,-0.533171 0.05612,-0.224493 -0.280617,0.196431 -0.50511,0.252555 -0.50511,0.08418 0,-0.364801 0.701541,-0.926034 0.897973,-0.729603 0.08418,0.08418 1.150526,-1.066342 2.357176,-2.525546 1.71176,-2.104623 2.301054,-2.665855 2.693917,-2.525547 1.262773,0.392863 3.928628,-0.645418 5.780698,-2.24493 1.15053,-1.010219 1.23471,-0.280617 0.50511,3.676073 -1.03828,5.640388 -1.29083,5.921004 -3.816385,4.209245 -0.70154,-0.50511 -1.346958,-0.897973 -1.459204,-0.897973 -0.08419,0 -0.280617,-0.08418 -0.392863,-0.196431 -0.561233,-0.561233 -2.890348,0.420924 -3.816382,1.599513 -0.280616,0.364801 -1.150527,1.122465 -1.908191,1.683698 -1.543389,1.122465 -1.627574,1.459205 -1.066342,3.732197 0.33674,1.459204 1.262774,2.890347 3.08678,4.882723 0.673479,0.729603 1.543389,1.824006 1.964314,2.441362 0.673479,1.010219 2.665855,2.75004 4.040883,3.563827 0.47704,0.280616 0.47704,0.33674 -0.14031,1.20665 -0.364808,0.505109 -0.589301,0.982157 -0.505116,1.066342 0.08419,0.08419 0.561236,-0.477048 1.038286,-1.20665 l 0.86991,-1.37502 -0.98216,-0.224493 c -1.206652,-0.308678 -2.974535,-1.795944 -4.43374,-3.78832 -0.617356,-0.841849 -1.739821,-2.188807 -2.469423,-3.002594 -1.37502,-1.515328 -2.076561,-3.058718 -2.357177,-5.107217 -0.140308,-0.982157 -0.08418,-1.20665 0.364801,-1.346958 0.280616,-0.08419 1.459205,-0.982157 2.58167,-1.964314 2.58167,-2.272992 3.086779,-2.329116 5.612326,-0.561233 2.806163,1.964314 3.058723,1.571451 4.461803,-6.426113 0.47705,-2.637794 0.98216,-5.107217 1.12247,-5.50008 0.25255,-0.617356 1.37502,-1.627574 1.51532,-1.346958 0.0281,0.05612 0.30868,0.645417 0.64542,1.346958 l 0.61736,1.262774 V 43.24307 c 0.0281,-1.655636 -0.3648,-4.882724 -0.70154,-5.921004 -0.11225,-0.420925 -0.0842,-0.448986 0.11224,-0.112247 0.81379,1.262774 1.23471,4.489861 1.3189,9.905756 0.11225,7.324085 0.22449,7.57664 0.67348,1.459204 0.16837,-2.020437 0.22449,-4.096998 0.16837,-4.630169 -0.28062,-2.132683 0.7296,1.936253 1.6837,6.8751 1.01021,5.275586 1.824,11.336898 1.824,13.77826 0,2.160746 -0.78572,6.173559 -1.4592,7.492455 -1.12247,2.272992 -3.81638,4.742416 -6.06132,5.640388 -1.54338,0.589294 -3.64801,0.785726 -4.91078,0.420924 -0.841853,-0.224493 -3.451585,-2.216868 -2.918414,-2.216868 0.112247,0 -0.02806,-0.224493 -0.308678,-0.50511 -0.673479,-0.673479 -2.862286,-4.630169 -2.862286,-5.135278 0,-0.224493 -0.448986,-1.03828 -1.010219,-1.795944 -0.533171,-0.785726 -1.178588,-1.795945 -1.403081,-2.244931 l -0.420925,-0.841849 0.589295,0.757664 c 0.308678,0.392863 0.841849,1.038281 1.150526,1.403082 0.533171,0.589294 0.533171,0.561233 -0.05612,-0.477048 C 93.21683,66.478099 92.683659,65.63625 92.403042,65.187264 92.094364,64.76634 91.925995,64.4296 92.038241,64.4296 c 0.448986,0 -2.806163,-2.693916 -3.591888,-3.002594 -1.150527,-0.420924 -25.564145,-0.252555 -26.714672,0.196431 -0.420925,0.16837 -1.122465,0.533171 -1.54339,0.841849 -0.420924,0.308678 -0.813787,0.477048 -0.897972,0.420925 -0.05612,-0.05612 -0.112247,0.140308 -0.140308,0.420924 -0.05612,0.533171 -1.038281,2.104622 -2.806163,4.461799 -0.50511,0.701541 -1.150527,1.964314 -1.403082,2.806163 -0.477047,1.683698 -0.589294,1.936253 -1.908191,4.096998 -1.459204,2.413301 -2.469423,3.255149 -4.293429,3.619951 -1.655636,0.308678 -5.640388,-0.982157 -6.650606,-2.160746 -0.16837,-0.196431 -0.533171,-0.477048 -0.841849,-0.645417 -1.150527,-0.617356 -3.507704,-4.798539 -3.283211,-5.780696 0.02806,-0.140308 -0.05612,-0.224493 -0.16837,-0.224493 -0.112246,0 -0.224493,-0.224493 -0.252554,-0.50511 0,-0.252554 -0.08418,-1.122465 -0.196432,-1.936252 -0.112246,-1.150527 -0.08419,-1.431143 0.196432,-1.318897 0.224493,0.08419 0.392863,-0.05612 0.392863,-0.280616 0,-0.224493 -0.140309,-0.336739 -0.308678,-0.252555 -0.16837,0.08419 -0.16837,0.02806 0.02806,-0.196431 0.16837,-0.196431 0.252555,-0.533171 0.16837,-0.729602 -0.08418,-0.252555 0.05612,-0.392863 0.448986,-0.392863 0.33674,0 0.589294,-0.140308 0.589294,-0.308678 0,-0.16837 -0.196431,-0.224493 -0.448986,-0.140308 -0.224493,0.08418 -0.336739,0.05612 -0.252554,-0.112247 0.08418,-0.16837 0.08418,-0.280616 -0.05612,-0.280616 -0.224493,0 -0.196431,-1.178589 0.02806,-3.367396 0.05612,-0.533171 0.112246,-1.515328 0.140308,-2.188807 0.02806,-0.673479 0.16837,-1.178588 0.33674,-1.178588 0.224493,0 0.280616,0.336739 0.168369,0.982157 -0.08418,0.561232 -0.05612,0.926034 0.08418,0.841849 0.140308,-0.08419 0.140308,0.224493 0,0.70154 -0.140308,0.477048 -0.140308,0.897973 0,0.982157 0.308678,0.196432 0.673479,-2.188807 0.477048,-2.946471 -0.08419,-0.364801 -0.02806,-0.505109 0.16837,-0.364801 0.16837,0.112247 0.224493,-0.05612 0.112246,-0.477048 -0.168369,-0.70154 0.33674,-5.752634 1.094404,-10.663419 0.505109,-3.283211 1.487266,-6.931223 2.469423,-9.091968 0.33674,-0.785726 0.926034,-2.132684 1.262774,-3.002595 0.364801,-0.841848 1.122465,-2.24493 1.683697,-3.086779 0.869911,-1.262773 1.37502,-1.683698 3.08678,-2.525547 1.150527,-0.561232 2.216869,-1.010218 2.385238,-1.010218 0.926034,0.02806 1.290835,-0.112247 1.122466,-0.392863 -0.08418,-0.16837 -0.420925,-0.252555 -0.701541,-0.16837 -0.869911,0.224493 -0.617356,-0.05612 0.448986,-0.477048 0.982157,-0.420924 4.040875,-0.813787 9.035845,-1.150526 2.890348,-0.224493 3.900566,0.05612 2.160745,0.589294 l -1.094403,0.336739 1.627574,-0.08418 c 0.926034,-0.02806 1.739821,-0.196432 1.852068,-0.392863 0.252554,-0.392863 0.364801,-0.392863 7.183777,-0.392863 9.260338,0 17.089533,0.16837 19.643141,0.420924 1.403082,0.140309 2.91841,0.196432 3.367396,0.16837 0.785725,-0.08419 -2.329116,-0.477048 -7.57664,-0.982157 -1.234712,-0.112246 -1.908191,-0.252555 -1.459205,-0.308678 0.420924,-0.05612 0.757664,-0.224493 0.757664,-0.364801 0,-0.33674 0.86991,-0.308678 3.563827,0.05612 z m -25.872823,1.599513 c -0.08419,0.08418 -0.308678,0 -0.505109,-0.196431 -0.252555,-0.280617 -0.224493,-0.308678 0.168369,-0.140308 0.280617,0.08418 0.420925,0.252554 0.33674,0.336739 z M 49.66518,26.5464 c -0.757664,0.336739 -1.20665,0.336739 -0.701541,0 0.224493,-0.140308 0.617356,-0.252555 0.841849,-0.252555 0.280616,0 0.224493,0.08418 -0.140308,0.252555 z m -2.357177,1.094403 c -0.364801,0.280617 -0.897972,0.813788 -1.20665,1.178589 -0.477048,0.617356 -0.50511,0.617356 -0.252555,0.05612 0.308678,-0.589294 1.599513,-1.767883 1.964314,-1.767883 0.08419,0 -0.140308,0.252555 -0.505109,0.533171 z m 52.587495,1.150527 c -0.08419,0.140308 -0.392863,0.280617 -0.645418,0.280617 -0.420924,0 -0.420924,-0.05612 -0.05612,-0.280617 0.561232,-0.364801 0.92603,-0.364801 0.701541,0 z m 0.869912,0.252555 c -0.0842,0.112246 0.16837,0.364801 0.53317,0.533171 0.84185,0.392863 3.1429,2.497485 3.56383,3.227087 0.22449,0.420925 0.19643,0.50511 -0.11225,0.33674 -0.19643,-0.112247 -0.0561,0.05612 0.30868,0.364801 0.3648,0.308678 0.58929,0.673479 0.47705,0.869911 -0.11225,0.168369 -0.0842,0.308678 0.0842,0.308678 0.16837,0 0.19643,0.196431 0.11225,0.477047 -0.11225,0.308678 -0.0842,0.392863 0.16837,0.252555 0.25255,-0.16837 0.28061,0 0.16837,0.589294 -0.14031,0.533171 -0.11225,0.673479 0.0842,0.420925 0.33674,-0.50511 0.64542,0.926033 0.56123,2.721978 l -0.0281,1.290835 -0.19643,-1.54339 c -0.19643,-1.431143 -0.19643,-1.37502 -0.14031,0.561233 0.0561,2.132684 -0.0281,2.890348 -0.3648,2.721978 -0.11225,-0.05612 -0.53317,0.561232 -0.92603,1.37502 -0.39287,0.813787 -0.5893,1.403081 -0.42093,1.318896 0.64542,-0.420924 -1.01022,1.571452 -1.85206,2.216869 -1.40309,1.03828 -1.73983,1.234712 -1.51533,0.757664 0.11224,-0.224493 0.0281,-0.16837 -0.19643,0.08418 -0.2245,0.280616 -0.47705,0.420924 -0.56124,0.308678 -0.11224,-0.08418 -0.19643,-0.02806 -0.19643,0.16837 0,0.224493 -0.19643,0.308678 -0.420922,0.196431 -0.224493,-0.08418 -0.420925,-0.02806 -0.420925,0.140308 0,0.16837 -0.252555,0.224493 -0.589294,0.112247 -0.392863,-0.140308 -0.533171,-0.08418 -0.420925,0.08418 0.224493,0.392862 -2.553608,0.140308 -4.48986,-0.392863 -7.239901,-1.964314 -9.232277,-11.87007 -3.451581,-17.061471 2.048499,-1.852068 3.928628,-2.469424 7.155716,-2.357177 1.431143,0.02806 2.693921,-0.02806 2.806161,-0.140308 0.28062,-0.280617 0.44899,-0.252555 0.28062,0.05612 z m 6.79091,12.599672 c -0.0842,1.010219 -0.0842,1.010219 -0.44898,0.392863 -0.25256,-0.448986 -0.30868,-1.066342 -0.16837,-1.964314 l 0.19643,-1.318897 0.25255,0.926034 c 0.14031,0.533171 0.2245,1.403081 0.16837,1.964314 z M 93.974494,52.391161 c -0.729603,0.926034 -1.487267,1.767883 -1.627575,1.880129 -0.336739,0.196432 0,-0.280616 1.599513,-2.272992 1.571451,-1.936252 1.599513,-1.627574 0.02806,0.392863 z M 56.343848,69.200077 c -0.420925,0.757665 -0.841849,1.262774 -0.869911,1.094404 -0.112246,-0.280616 1.234712,-2.497485 1.515328,-2.497485 0.08418,0 -0.196431,0.617356 -0.645417,1.403081 z"
       id="path40859" />
    <path
       d="m 61.03014,25.143318 c 0,0.140309 0.308678,0.280617 0.701541,0.280617 0.392863,0 0.701541,-0.140308 0.701541,-0.280617 0,-0.168369 -0.308678,-0.280616 -0.701541,-0.280616 -0.392863,0 -0.701541,0.112247 -0.701541,0.280616 z"
       id="path40861" />
    <path
       d="m 67.344007,25.143318 c -0.08419,0.140309 0.02806,0.280617 0.280616,0.280617 0.252555,0 0.364801,-0.140308 0.280616,-0.280617 -0.08418,-0.168369 -0.224493,-0.280616 -0.280616,-0.280616 -0.05612,0 -0.196431,0.112247 -0.280616,0.280616 z"
       id="path40863" />
    <path
       d="m 70.514971,25.33975 c 0.196431,0.08419 0.448986,0.05612 0.533171,-0.02806 0.112246,-0.08419 -0.05612,-0.16837 -0.364801,-0.140308 -0.308678,0 -0.392863,0.08419 -0.16837,0.16837 z"
       id="path40865" />
    <path
       d="m 71.469066,25.283627 c 0.252555,0.280616 7.801134,0.448986 7.801134,0.168369 0,-0.112246 -1.795945,-0.252554 -3.984752,-0.280616 -2.188807,-0.02806 -3.928628,0.02806 -3.816382,0.112247 z"
       id="path40867" />
    <path
       d="m 81.17839,25.620366 c 0.16837,0.05612 0.50511,0.05612 0.701541,0 0.16837,-0.08419 0.02806,-0.140308 -0.364801,-0.140308 -0.392863,0 -0.533171,0.05612 -0.33674,0.140308 z"
       id="path40869" />
    <path
       d="m 87.351949,25.900982 c 0.33674,0.05612 0.841849,0.05612 1.122465,0 0.252555,-0.08418 -0.02806,-0.140308 -0.645417,-0.112246 -0.617356,0 -0.841849,0.05612 -0.477048,0.112246 z"
       id="path40871" />
    <path
       d="m 99.193957,27.500495 c 1.150523,0.308678 2.385243,0.757664 2.750043,0.954096 0.33674,0.196431 0.61735,0.252554 0.61735,0.112246 0,-0.477047 -3.676071,-1.767882 -4.910783,-1.711759 -0.308678,0 0.392863,0.308678 1.54339,0.645417 z"
       id="path40883" />
    <path
       d="m 51.573371,28.79133 c -3.563827,0.729603 -6.566422,3.676074 -7.548579,7.352147 -1.795944,6.818976 3.61995,13.609891 10.466988,13.048658 2.357177,-0.168369 4.405676,-1.20665 6.229682,-3.142902 2.188807,-2.329116 2.693917,-3.619951 2.693917,-7.015408 0,-2.441362 -0.08418,-3.002594 -0.729603,-4.349552 -1.122465,-2.357177 -2.525547,-3.78832 -4.8266,-4.882724 -2.216869,-1.066342 -4.321491,-1.403082 -6.285805,-1.010219 z m 5.584264,1.066342 c 1.824006,0.813788 3.900567,2.806163 4.882724,4.742416 0.729602,1.487266 0.813787,1.880129 0.813787,4.433737 0,2.441362 -0.08418,3.002595 -0.729602,4.377615 -2.721979,5.780695 -9.989941,7.296023 -14.62011,3.086779 -5.949065,-5.415895 -4.068936,-14.704294 3.423519,-17.173718 1.234712,-0.420924 4.798539,-0.112246 6.229682,0.533171 z"
       id="path40893" />
    <path
       d="m 53.313192,30.727583 c 0.982157,0.196431 1.178588,0.813787 1.234711,3.816381 0.05612,3.030656 0.280617,3.227088 3.648012,3.227088 2.75004,0 3.395458,0.196431 3.395458,1.094403 0,0.224494 -0.196432,0.645418 -0.477048,0.926034 -0.252555,0.280617 -0.308678,0.50511 -0.140308,0.50511 0.364801,0 0.897972,-0.897973 0.897972,-1.515328 0,-0.982157 -0.813787,-1.290835 -3.507704,-1.290835 -3.423519,0 -3.507704,-0.08419 -3.507704,-3.311273 0,-2.834224 -0.392862,-3.732197 -1.627574,-3.676073 -0.757664,0.02806 -0.757664,0.02806 0.08418,0.224493 z"
       id="path40895" />
    <path
       d="m 49.609057,37.686867 c 0.420924,0.05612 1.03828,0.05612 1.403081,0 0.33674,-0.05612 0,-0.112247 -0.785726,-0.112247 -0.757664,0 -1.066341,0.05612 -0.617355,0.112247 z"
       id="path40897" />
    <path
       d="m 46.381969,37.967483 c 0.33674,0.05612 0.841849,0.05612 1.122465,0 0.252555,-0.08418 -0.02806,-0.140308 -0.645417,-0.112246 -0.617356,0 -0.841849,0.05612 -0.477048,0.112246 z"
       id="path40899" />
    <path
       d="m 50.310597,40.49303 c 0.16837,0.05612 0.50511,0.05612 0.701541,0 0.16837,-0.08418 0.02806,-0.140308 -0.364801,-0.140308 -0.392863,0 -0.533171,0.05612 -0.33674,0.140308 z"
       id="path40901" />
    <path
       d="m 55.193321,40.633338 c -0.224493,0.224493 -0.33674,1.346958 -0.33674,3.199026 0,2.665855 -0.05612,2.918409 -0.617355,3.311272 -0.448987,0.308678 -0.50511,0.448986 -0.196432,0.448986 0.897972,0 1.094404,-0.645417 1.094404,-3.479642 0,-2.188807 0.08419,-2.890348 0.477047,-3.311272 0.50511,-0.561233 0.112247,-0.701541 -0.420924,-0.16837 z"
       id="path40903" />
    <path
       d="m 103.37514,29.464809 c 0.81379,0.869911 0.98216,0.926034 0.61736,0.196432 -0.16837,-0.280616 -0.50511,-0.617356 -0.78573,-0.701541 -0.3648,-0.140308 -0.30868,-0.02806 0.16837,0.505109 z"
       id="path40905" />
    <path
       d="m 46.830955,30.250535 -0.533171,0.645418 0.645418,-0.533171 c 0.589294,-0.50511 0.757664,-0.729603 0.533171,-0.729603 -0.05612,0 -0.33674,0.280616 -0.645418,0.617356 z"
       id="path40907" />
    <path
       d="m 73.040518,34.936827 c -0.813788,0.729603 -0.926034,1.010219 -0.926034,2.216869 0,1.571451 0.645417,2.553608 2.104622,3.142903 1.795944,0.729602 3.928628,-0.897973 3.928628,-3.002595 0,-2.806163 -3.030656,-4.209244 -5.107216,-2.357177 z m 2.58167,-0.252554 c 0,0.140308 -0.16837,0.280616 -0.364802,0.280616 -0.196431,0 -0.589294,0.448986 -0.841848,1.010219 -0.392863,0.785725 -0.589295,0.954095 -1.038281,0.813787 -0.645417,-0.196432 -0.785725,0.280616 -0.140308,0.533171 0.673479,0.252554 1.178589,-0.08418 1.683698,-1.122465 0.589294,-1.234712 1.150527,-1.459205 1.880129,-0.757664 0.701541,0.729602 0.477048,1.655636 -0.477048,1.880129 -0.364801,0.08418 -0.926033,0.561232 -1.262773,1.010218 -0.33674,0.477048 -0.757664,0.841849 -0.926034,0.841849 -0.196431,0 -0.112246,-0.140308 0.16837,-0.308678 0.477048,-0.280616 0.673479,-1.375019 0.224493,-1.375019 -0.140308,0 -0.196431,0.224493 -0.112246,0.533171 0.140308,0.561232 -0.813788,1.150526 -0.982158,0.617355 -0.05612,-0.168369 -0.224493,-0.308678 -0.364801,-0.308678 -0.16837,0 -0.196431,0.140309 -0.08419,0.33674 0.112247,0.196431 0.08419,0.224493 -0.140308,0.112247 -0.196431,-0.112247 -0.280616,-0.364802 -0.224493,-0.533171 0.05612,-0.196432 0,-0.561233 -0.140308,-0.813788 -0.308678,-0.617356 0.364801,-2.301053 1.094404,-2.721978 0.645417,-0.364801 2.048499,-0.392863 2.048499,-0.02806 z m 1.964314,3.367395 c 0,0.645418 -1.010219,1.655636 -1.88013,1.852068 -0.364801,0.112246 -0.982157,0.08418 -1.403081,-0.05612 l -0.785726,-0.224494 0.757664,-0.112246 c 0.420925,-0.05612 0.954096,-0.364801 1.178589,-0.673479 0.392863,-0.533171 1.431143,-1.262774 1.936252,-1.318897 0.112247,-0.02806 0.196432,0.224493 0.196432,0.533171 z"
       id="path40909" />
    <path
       d="m 75.538003,35.722553 c -0.33674,0.308678 -0.196432,0.926034 0.224493,1.094403 0.561232,0.224494 1.262773,-0.364801 1.066342,-0.897972 -0.140308,-0.392863 -0.954096,-0.533171 -1.290835,-0.196431 z m 1.010218,0.505109 c 0.02806,0.140308 -0.168369,0.308678 -0.420924,0.364801 -0.308678,0.05612 -0.505109,-0.08418 -0.505109,-0.364801 0,-0.477047 0.841849,-0.505109 0.926033,0 z"
       id="path40911" />
    <path
       d="m 66.558281,37.434312 c -0.617356,0.673479 -0.589294,1.066342 0.08419,1.739821 0.617356,0.617356 2.721978,0.785726 3.676074,0.280617 0.617355,-0.33674 0.729602,-1.655636 0.196431,-2.188807 -0.561233,-0.561233 -3.423519,-0.420925 -3.95669,0.168369 z m 1.54339,0.224493 c -0.785726,0.533171 -0.785726,0.897973 0.02806,1.234712 0.533171,0.224493 0.477048,0.252555 -0.364801,0.196432 -0.785725,-0.05612 -1.010218,-0.16837 -1.066342,-0.729603 -0.112246,-0.757664 0.33674,-1.150527 1.346958,-1.150527 h 0.67348 z m 2.020437,-0.08418 c 0.673479,0.477048 0.477048,1.431144 -0.308678,1.54339 -0.336739,0.05612 -0.954095,-0.140308 -1.346958,-0.392863 l -0.757664,-0.505109 0.673479,-0.505109 c 0.785726,-0.589295 1.094404,-0.617356 1.739821,-0.140309 z"
       id="path40913" />
    <path
       d="m 69.224136,38.332284 c 0,0.392863 0.05612,0.533171 0.140308,0.33674 0.05612,-0.16837 0.05612,-0.505109 0,-0.701541 -0.08419,-0.168369 -0.140308,-0.02806 -0.140308,0.364801 z"
       id="path40915" />
    <path
       d="m 79.719186,37.378189 c -1.094404,1.066342 -0.05612,2.301054 1.936252,2.301054 1.346958,0 2.385239,-0.589294 2.385239,-1.37502 0,-0.364801 -0.112247,-0.505109 -0.33674,-0.364801 -0.196431,0.140308 -0.224493,0.08418 -0.08418,-0.16837 0.33674,-0.533171 -0.392863,-0.841849 -2.020437,-0.841849 -0.954096,0 -1.599513,0.140308 -1.880129,0.448986 z m 1.150526,0.813787 c -0.02806,0.729603 -0.140308,0.982157 -0.505109,0.982157 -0.617356,0 -0.954095,-1.010218 -0.533171,-1.543389 0.617356,-0.729603 1.066342,-0.477048 1.03828,0.561232 z m 1.767883,-0.70154 c 0,0.140308 -0.140308,0.280616 -0.308678,0.280616 -0.140308,0 -0.196431,-0.140308 -0.112246,-0.280616 0.08418,-0.16837 0.224493,-0.280617 0.308678,-0.280617 0.05612,0 0.112246,0.112247 0.112246,0.280617 z m 0,0.897972 c 0,0.112246 -0.112246,0.224493 -0.252555,0.224493 -0.140308,0 -0.448986,0.08418 -0.70154,0.16837 -0.33674,0.140308 -0.448986,0 -0.448986,-0.561233 0,-0.673479 0.05612,-0.701541 0.70154,-0.392863 0.392863,0.16837 0.701541,0.420925 0.701541,0.561233 z m 0.673479,0.364801 c -0.112246,0.224493 -0.364801,0.420924 -0.617356,0.420924 -0.364801,0 -0.336739,-0.08418 0.112247,-0.420924 0.673479,-0.505109 0.701541,-0.505109 0.505109,0 z"
       id="path40917" />
    <path
       d="m 42.313033,41.278756 c 0,0.617356 0.05612,0.841849 0.112246,0.477047 0.05612,-0.336739 0.05612,-0.841849 0,-1.122465 -0.08419,-0.252555 -0.140308,0.02806 -0.112246,0.645418 z"
       id="path40919" />
    <path
       d="m 41.948232,45.095137 c 0.02806,7.127654 2.160745,16.5283 5.303648,23.347276 1.122465,2.413301 3.507703,6.369991 3.844443,6.369991 0.08419,0 -0.02806,-0.308678 -0.280616,-0.701541 -1.066342,-1.627575 -1.852068,-3.339334 -1.599513,-3.507704 0.16837,-0.08419 0.364801,-1.094404 0.477047,-2.24493 0.08418,-1.150527 0.280617,-2.301054 0.392863,-2.525547 0.140308,-0.252555 0.308678,-1.010219 0.420925,-1.683698 0.280616,-2.132684 0.701541,-3.002594 1.739821,-3.816382 1.262773,-0.954095 2.469423,-0.954095 4.209244,0.02806 0.701541,0.392863 1.37502,0.701541 1.515328,0.701541 0.140308,0 0.785726,-0.392863 1.431143,-0.841849 0.617356,-0.477048 1.318897,-0.841849 1.515328,-0.841849 0.196432,0 0.448987,-0.140308 0.533171,-0.280616 0.364802,-0.589295 -0.70154,-0.224493 -2.07656,0.70154 l -1.431143,0.982157 -1.066342,-0.70154 c -1.992376,-1.318897 -3.591889,-1.262774 -5.219463,0.140308 -0.841849,0.729602 -1.010219,1.150527 -1.318897,2.890348 -0.196431,1.122465 -0.477048,2.272992 -0.617356,2.553608 -0.140308,0.308678 -0.336739,1.487267 -0.448986,2.665855 -0.112246,1.290835 -0.308678,2.132684 -0.505109,2.216869 -0.196432,0.05612 -0.364802,-0.05612 -0.364802,-0.280617 0,-0.196431 -0.392862,-1.178588 -0.86991,-2.188807 -2.665855,-5.640387 -4.489861,-12.599672 -4.882724,-18.9416 -0.420924,-6.622545 -0.70154,-8.250119 -0.70154,-4.040875 z"
       id="path40921" />
    <path
       d="m 83.086581,44.253288 c -1.543389,1.206651 -0.589294,3.900567 1.403082,3.900567 0.926033,-0.02806 1.543389,-0.420924 2.020437,-1.318897 0.505109,-0.954095 0.392863,-1.459204 -0.477048,-2.357177 -0.982157,-0.954095 -1.908191,-1.03828 -2.946471,-0.224493 z m 1.066342,0.701541 c 0.140308,0.561233 0.280616,0.673479 0.533171,0.420925 0.533171,-0.533171 0.869911,-0.33674 0.364801,0.224493 -0.280616,0.308678 -0.420924,0.70154 -0.308678,0.841849 0.08419,0.168369 0.02806,0.308677 -0.112246,0.308677 -0.16837,0 -0.308678,-0.168369 -0.308678,-0.364801 0,-0.196431 -0.196432,-0.617356 -0.448986,-0.926033 -0.392863,-0.50511 -0.420925,-0.50511 -0.112247,0.112246 0.280617,0.561233 0.224493,0.729602 -0.196431,1.094404 -0.448986,0.364801 -0.448986,0.392862 -0.02806,0.252554 0.280617,-0.08418 0.561233,-0.02806 0.645418,0.112247 0.308678,0.533171 0.729602,0.280616 1.03828,-0.617356 0.280616,-0.813787 0.33674,-0.841849 0.701541,-0.364801 0.364801,0.505109 0.364801,0.505109 0.364801,-0.02806 0,-0.308678 -0.196431,-0.86991 -0.448986,-1.234712 l -0.448986,-0.70154 0.589294,0.673479 c 0.785726,0.86991 0.729602,1.571451 -0.112246,2.4133 -0.897973,0.926034 -1.908191,0.897972 -2.637794,-0.02806 -0.70154,-0.897972 -0.729602,-1.459204 -0.140308,-2.301053 0.561233,-0.813788 0.841849,-0.785726 1.066342,0.112246 z"
       id="path40923" />
    <path
       d="m 63.387317,44.758398 c -3.732197,1.711759 -4.966909,6.987346 -2.301054,10.018002 2.4133,2.750039 6.482237,3.002594 9.148092,0.561232 1.599513,-1.459204 2.301053,-2.946471 2.301053,-4.938847 0,-2.609731 -1.403081,-4.770477 -3.704135,-5.724572 -1.431143,-0.617356 -4.012813,-0.561233 -5.443956,0.08418 z m 4.209244,0.364801 c -0.140308,0.224493 0.252555,0.308678 1.038281,0.252555 0.785725,-0.08418 2.357177,1.20665 3.002594,2.497485 2.160746,4.153121 -2.665855,9.877693 -7.071531,8.418489 -0.645417,-0.196432 -0.954095,-0.448986 -0.813787,-0.645418 0.08418,-0.196431 0.08418,-0.252554 -0.05612,-0.140308 -0.33674,0.308678 -1.71176,-0.505109 -2.357177,-1.403081 -0.841849,-1.206651 -1.066342,-4.096998 -0.448986,-5.528142 0.280616,-0.617355 0.533171,-1.234711 0.533171,-1.346958 0.02806,-0.112246 0.308678,-0.364801 0.617356,-0.561232 0.336739,-0.196432 1.010218,-0.561233 1.487266,-0.841849 1.234712,-0.701541 4.405676,-1.234712 4.068936,-0.701541 z"
       id="path40925" />
    <path
       d="m 63.78018,46.217603 c -1.487267,0.757664 -1.318897,0.86991 0.364801,0.224493 0.926034,-0.364802 1.795944,-0.50511 2.469423,-0.392863 0.729603,0.112246 0.897973,0.05612 0.589295,-0.140308 -0.67348,-0.448986 -2.301054,-0.308678 -3.423519,0.308678 z"
       id="path40927" />
    <path
       d="m 69.027705,46.750773 c 0.05612,0.33674 0.336739,0.869911 0.617355,1.178589 0.729603,0.785726 0.67348,3.311272 -0.08418,4.349553 -1.459205,1.964314 -3.704136,2.58167 -5.696511,1.543389 -1.318897,-0.645417 -1.992376,-1.655636 -2.244931,-3.311272 l -0.196431,-1.37502 -0.140308,1.318897 c -0.05612,0.70154 -0.05612,1.262773 0,1.178588 0.05612,-0.05612 0.448986,0.448986 0.86991,1.094404 1.739821,2.778101 5.668449,2.834224 7.660825,0.140308 0.813787,-1.094404 0.954096,-3.507704 0.308678,-4.742416 -0.280616,-0.533171 -0.505109,-1.03828 -0.533171,-1.150526 0,-0.112247 -0.16837,-0.364802 -0.336739,-0.533171 -0.280617,-0.280617 -0.33674,-0.224493 -0.224493,0.308677 z"
       id="path40929" />
    <path
       d="m 107.80888,48.40641 c -0.11225,1.767882 -0.16837,3.255149 -0.0842,3.311272 0.16837,0.16837 0.53317,-4.966909 0.39287,-5.808757 -0.0561,-0.392863 -0.19644,0.729602 -0.30868,2.497485 z"
       id="path40931" />
    <path
       d="m 109.9135,46.891082 c 0,0.448986 0.0561,0.617356 0.14031,0.336739 0.0561,-0.252554 0.0561,-0.645417 0,-0.841849 -0.0842,-0.168369 -0.14031,0.02806 -0.14031,0.50511 z"
       id="path40933" />
    <path
       d="m 78.568659,48.855396 c -1.37502,1.346958 -0.420925,3.78832 1.459205,3.78832 1.234711,-0.02806 2.357176,-1.20665 2.301053,-2.441362 -0.02806,-0.364801 -0.08419,-0.308678 -0.280616,0.196431 -0.224493,0.67348 -0.224493,0.67348 -0.196432,-0.140308 0,-1.346958 -0.02806,-1.431143 -0.757664,-1.767882 -1.094403,-0.50511 -1.767882,-0.392863 -2.525546,0.364801 z m 1.543389,0.140308 c 0,0.140308 -0.224493,0.16837 -0.477047,0.08418 -0.420925,-0.16837 -0.448986,-0.140308 -0.08419,0.252554 0.252554,0.280617 0.533171,0.364802 0.701541,0.196432 0.448986,-0.420925 0.785725,-0.280616 0.392862,0.196431 -0.280616,0.33674 -0.280616,0.561233 -0.02806,0.982157 0.196431,0.280617 0.224493,0.533171 0.08418,0.533171 -0.140309,0 -0.308678,-0.140308 -0.364802,-0.336739 -0.08418,-0.224493 -0.336739,-0.140308 -0.785725,0.280616 -0.729603,0.673479 -0.982157,0.561233 -1.262774,-0.561233 -0.140308,-0.589294 -0.02806,-0.926033 0.533171,-1.487266 0.67348,-0.673479 1.290835,-0.729602 1.290835,-0.140308 z m 1.431144,0.196431 c 0.364801,0.448986 0.336739,0.477048 -0.08419,0.112247 -0.477048,-0.364801 -0.617356,-0.589294 -0.392863,-0.589294 0.05612,0 0.280616,0.224493 0.477048,0.477047 z m 0.252554,2.132684 c 0,0.420925 -2.020437,1.094404 -2.329115,0.785726 -0.224493,-0.224493 -0.196431,-0.308678 0.112246,-0.364801 1.318897,-0.140309 1.936253,-0.477048 1.739821,-1.010219 -0.112246,-0.420924 -0.08418,-0.420924 0.16837,-0.05612 0.16837,0.224493 0.308678,0.533171 0.308678,0.645417 z"
       id="path40935" />
    <path
       d="m 79.129891,50.230416 c 0,0.505109 0.08419,0.617355 0.364802,0.392862 0.252554,-0.224493 0.252554,-0.392862 0.02806,-0.673479 C 79.101829,49.44469 79.12989,49.44469 79.12989,50.230416 Z"
       id="path40937" />
    <path
       d="m 88.277983,48.40641 c -1.010219,0.280616 -1.824006,1.515328 -1.599513,2.385238 0.448986,1.767883 2.609731,2.497485 3.816382,1.290835 1.20665,-1.20665 0.280616,-3.95669 -1.178589,-3.479642 -0.392863,0.112247 -0.505109,0.05612 -0.392863,-0.140308 0.112247,-0.16837 0.16837,-0.308678 0.112247,-0.280616 -0.05612,0.02806 -0.392863,0.112246 -0.757664,0.224493 z m 1.992375,0.785725 c 0.589295,0.50511 0.701541,2.048499 0.140309,2.048499 -0.196432,0 -0.477048,-0.561232 -0.645418,-1.262773 -0.308678,-1.403082 -0.252555,-1.487266 0.505109,-0.785726 z m -1.767882,0.841849 c 0.02806,-0.813787 0.954095,-0.448986 1.066342,0.392863 0.08419,0.673479 0,0.757664 -0.954096,0.869911 -0.589294,0.08418 -1.150527,0.08418 -1.262773,0.02806 -0.33674,-0.196431 -0.252555,-1.627574 0.112246,-1.992376 0.252555,-0.252554 0.420925,-0.168369 0.67348,0.448987 0.252554,0.533171 0.364801,0.617355 0.364801,0.252555 z m 1.711759,1.908191 c -0.392863,0.448986 -2.104622,0.589294 -2.357177,0.16837 -0.224493,-0.33674 0.112247,-0.420925 1.54339,-0.50511 1.010219,-0.05612 1.122465,-0.02806 0.813787,0.33674 z"
       id="path40939" />
    <path
       d="m 88.811154,50.679402 c 0,0.140308 0.140308,0.280616 0.308678,0.280616 0.140308,0 0.196431,-0.140308 0.112246,-0.280616 -0.08419,-0.16837 -0.224493,-0.280617 -0.308678,-0.280617 -0.05612,0 -0.112246,0.112247 -0.112246,0.280617 z"
       id="path40941" />
    <path
       d="m 107.38795,52.784024 c 0,0.448986 0.0561,0.617356 0.14031,0.33674 0.0561,-0.252555 0.0561,-0.645418 0,-0.841849 -0.0842,-0.16837 -0.14031,0.02806 -0.14031,0.505109 z"
       id="path40943" />
    <path
       d="m 83.086581,53.23301 c -1.487266,1.178588 -0.505109,3.900567 1.459205,3.900567 0.926034,0 1.936252,-0.841849 2.188807,-1.852068 0.224493,-0.869911 -0.701541,-2.272992 -1.431143,-2.132684 -0.280616,0.05612 -0.392863,-0.02806 -0.280616,-0.196431 0.308678,-0.561233 -1.150527,-0.33674 -1.936253,0.280616 z m 1.150527,0.364801 c -0.112247,0.280617 -0.02806,0.364801 0.196431,0.280617 0.196432,-0.08418 0.448986,0.08418 0.533171,0.364801 0.05612,0.280616 0.224493,0.757664 0.364802,1.066342 0.196431,0.505109 0.168369,0.533171 -0.280617,0.168369 -0.420924,-0.364801 -0.561232,-0.336739 -1.094403,0.252555 -0.589295,0.589294 -0.589295,0.617356 -0.05612,0.420925 0.308678,-0.112247 0.757664,-0.224493 0.982157,-0.224493 0.224494,0 0.617356,-0.140309 0.869911,-0.308678 0.420924,-0.280617 0.420924,-0.448987 0.112247,-1.431144 l -0.392863,-1.122465 0.561232,0.673479 c 0.926034,1.122466 0.561233,2.301054 -0.897972,2.806163 -1.711759,0.589295 -3.086779,-1.150526 -2.104622,-2.637793 0.505109,-0.757664 1.459205,-0.982157 1.20665,-0.308678 z"
       id="path40945" />
    <path
       d="m 83.647814,54.748338 c -0.252555,0.729602 -0.196432,0.897972 0.140308,0.33674 0.16837,-0.280617 0.252555,-0.589295 0.16837,-0.645418 -0.05612,-0.08419 -0.196432,0.05612 -0.308678,0.308678 z"
       id="path40947" />
    <path
       d="m 108.62266,53.906489 c -0.0842,0.252555 -0.16837,0.729603 -0.1403,1.066342 0.0281,0.392863 0.11224,0.252555 0.25255,-0.364801 0.25256,-1.03828 0.19643,-1.459205 -0.11225,-0.701541 z"
       id="path40949" />
    <path
       d="m 106.96703,55.113139 c -0.11225,0.533171 -0.70154,2.188807 -1.29084,3.704135 -0.61735,1.515328 -1.31889,3.78832 -1.57145,5.079155 -0.28061,1.346959 -0.95409,3.367396 -1.59951,4.686293 -0.61736,1.290835 -1.03828,2.4133 -0.9541,2.525546 0.28062,0.252555 2.55361,-4.910785 3.61995,-8.222057 1.26278,-3.844444 2.21687,-7.632764 2.10463,-8.250119 -0.0561,-0.252555 -0.19644,-0.02806 -0.30868,0.477047 z"
       id="path40951" />
    <path
       d="m 100.06387,29.464809 c 0.28061,0.252555 1.93625,1.010219 1.93625,0.897973 0,-0.16837 -1.54339,-1.010219 -1.85207,-1.010219 -0.11224,0 -0.14031,0.05612 -0.0842,0.112246 z"
       id="path40957" />
    <path
       d="m 103.26289,31.597493 c 0.5893,0.617356 1.15053,1.122465 1.23471,1.122465 0.0842,0 -0.3648,-0.505109 -0.95409,-1.122465 -0.58929,-0.617356 -1.15053,-1.122465 -1.23471,-1.122465 -0.0842,0 0.3648,0.505109 0.95409,1.122465 z"
       id="path40959" />
    <path
       d="m 103.23483,46.245664 -0.53317,0.645418 0.64542,-0.533171 c 0.58929,-0.50511 0.75766,-0.729603 0.53317,-0.729603 -0.0561,0 -0.33674,0.280617 -0.64542,0.617356 z"
       id="path40961" />
    <path
       d="m 95.489822,22.814203 c 0.196431,0.08419 0.448986,0.05612 0.533171,-0.02806 0.112246,-0.08418 -0.05612,-0.168369 -0.364802,-0.140308 -0.308678,0 -0.392862,0.08419 -0.168369,0.16837 z"
       id="path40963" />
    <path
       d="m 96.612287,23.094819 c 0.196431,0.08418 0.448986,0.05612 0.533171,-0.02806 0.112246,-0.08419 -0.05612,-0.16837 -0.364801,-0.140308 -0.308678,0 -0.392863,0.08419 -0.16837,0.168368 z"
       id="path40965" />

</g></svg>