<?xml version="1.0" encoding="UTF-8" standalone="no"?>
<!-- Created with Inkscape (http://www.inkscape.org/) -->

<svg
   class="scaling-svg"
   viewBox="-18 -10 400 200"
   preserveAspectRatio="xMidYMin slice"
   width="100%" 
   version="1.1"
   id="svg5"
   >
  <g
     dark 
     transform="scale(2.4)"
     stroke-width="0.3" 
     font-family="Noto Sans JP" 
     font-size="4px"
     >
    <path
       d="m 73.016228,30.663985 0.19911,3.152575 h -7.201145 c -6.205595,0 -7.3007,-0.06637 -7.76529,-0.53096 -0.46459,-0.46459 -1.3274,-0.53096 -7.002035,-0.365035 -4.679085,0.09955 -7.068405,0.33185 -8.49536,0.73007 -2.52206,0.696885 -4.479975,1.72562 -4.479975,2.289765 0,0.232295 -0.59733,0.829625 -1.3274,1.3274 -3.65035,2.422505 -6.603815,6.30515 -7.997585,10.519645 -1.028735,3.218945 -1.12829,8.76084 -0.165925,11.581565 1.26103,3.683535 2.555245,5.741005 5.3096,8.462175 4.081755,4.04857 8.22988,5.807375 13.87133,5.84056 3.91583,0.03319 6.139225,-0.53096 10.187795,-2.58843 l 3.45124,-1.79199 13.639035,0.09955 13.639035,0.09956 2.32295,1.39377 c 4.612715,2.754355 9.391352,3.617165 14.468662,2.621615 3.91583,-0.79644 7.23433,-2.52206 10.08824,-5.210045 3.65035,-3.484425 5.40915,-6.96885 6.17241,-12.07934 0.99555,-6.57063 -2.12384,-13.9377 -7.69892,-18.18538 -1.16148,-0.895995 -2.15703,-1.85836 -2.2234,-2.090655 -0.16592,-0.630515 -1.36058,-1.227845 -4.21449,-2.12384 -3.68354,-1.12829 -16.924352,-1.39377 -16.227467,-0.298665 0.09955,0.19911 -2.754355,0.26548 -7.732105,0.232295 l -7.89803,-0.09956 -0.09956,-0.99555 c -0.33185,-4.081755 -0.497775,-5.143675 -0.79644,-5.143675 -0.26548,0 -0.298665,0.92918 -0.165925,2.85391 0.165925,2.52206 0.13274,2.820725 -0.365035,2.72117 -0.564145,-0.09955 -0.59733,-0.365035 -0.696885,-3.84946 -0.03319,-1.26103 -0.165925,-1.72562 -0.497775,-1.72562 -0.39822,0 -0.431405,0.564145 -0.298665,3.152575 z m -14.568215,3.38487 c 0.19911,0.33185 1.92473,0.39822 7.23433,0.298665 3.816275,-0.06637 7.76529,-0.232295 8.76084,-0.33185 0.99555,-0.09956 1.626065,-0.09956 1.426955,0 -0.59733,0.26548 -0.53096,0.79644 0.06637,0.79644 0.26548,0 0.497775,-0.13274 0.497775,-0.298665 0,-0.13274 3.351685,-0.26548 7.43344,-0.26548 5.50871,0 7.599365,-0.09956 7.9644,-0.39822 0.365035,-0.33185 2.19021,-0.39822 7.400255,-0.298665 6.205592,0.13274 7.134772,0.19911 9.192242,0.92918 1.69244,0.564145 2.42251,1.028735 2.82073,1.692435 0.26548,0.497775 0.96236,1.161475 1.49332,1.493325 2.15703,1.26103 5.40916,4.944565 6.60382,7.466625 6.10604,12.709855 -2.19021,27.045775 -16.22747,28.07451 -3.982197,0.298665 -6.537442,-0.298665 -10.718752,-2.52206 l -3.51761,-1.85836 h -13.9377 -13.9377 l -2.820725,1.559695 c -3.51761,1.891545 -5.9733,2.621615 -9.258615,2.72117 -4.44679,0.09955 -7.931215,-0.895995 -11.74749,-3.38487 -6.637,-4.347235 -9.988685,-12.80941 -8.03077,-20.30922 1.19466,-4.679085 4.18131,-8.95995 8.09714,-11.61475 0.895995,-0.630515 1.825175,-1.46014 2.05747,-1.891545 0.431405,-0.79644 1.19466,-1.161475 3.949015,-1.891545 2.38932,-0.6637 14.80051,-0.59733 15.19873,0.03319 z"
       id="path1509"
       style="fill:#000000;stroke:none;stroke-width:0.0165925"
       clip-path="url(#clipPath2604)" />
    <path
       d="m 98.004533,36.637285 c -5.44234,1.3274 -9.82276,4.84501 -12.112525,9.69002 -3.285315,6.90248 -1.79199,14.86688 3.78309,20.11011 3.65035,3.418055 7.400255,4.91138 12.444372,4.91138 8.49536,0 15.59695,-5.9733 17.35576,-14.53503 0.76325,-3.65035 0.26548,-6.90248 -1.59288,-10.652385 -3.61717,-7.400255 -12.07934,-11.41564 -19.877817,-9.524095 z m 7.665737,0.298665 c 6.23878,1.3274 11.58156,6.43789 13.24081,12.577115 0.49778,1.85836 0.59733,5.409155 0.2323,7.532995 -0.26548,1.59288 -2.05747,5.57508 -3.08621,6.96885 -2.25658,2.953465 -5.84056,5.409155 -9.52409,6.471075 -3.3185,0.962365 -9.490912,0.431405 -11.747492,-1.028735 -0.39822,-0.26548 -0.895995,-0.46459 -1.095105,-0.46459 -0.564145,0 -3.71672,-2.422505 -4.878195,-3.749905 -1.3274,-1.52651 -2.58843,-3.65035 -3.25213,-5.50871 -4.51316,-12.842595 6.76974,-25.61882 20.110112,-22.798095 z"
       id="path1521"
       style="fill:#000000;stroke:none;stroke-width:0.0165925" />
    <path
       d="m 102.41814,42.44466 c 3.3185,0.86281 4.74545,3.58398 3.38487,6.404705 -0.59733,1.227845 -9.789577,8.462175 -11.515197,9.09269 -1.825175,0.630515 -4.214495,-0.232295 -5.077305,-1.891545 -0.564145,-1.095105 -0.6637,-2.887095 -0.19911,-4.081755 0.33185,-0.829625 9.9555,-8.594915 11.382452,-9.15906 0.53096,-0.232295 0.59733,-0.33185 0.19911,-0.33185 -0.56414,-0.03319 -2.455687,1.3274 -8.063952,5.77419 -3.749905,2.953465 -3.882645,3.152575 -4.081755,5.11049 -0.33185,3.484425 2.72117,5.9733 5.940115,4.878195 1.626065,-0.564145 11.349272,-8.196695 11.847042,-9.2918 0.92918,-2.024285 0.13274,-4.811825 -1.69243,-6.006485 -0.46459,-0.298665 -1.39377,-0.59733 -2.09066,-0.6637 l -1.29421,-0.165925 z"
       id="path1529"
       style="fill:#000000;stroke:none;stroke-width:0.0165925" />
    <path
       d="m 100.79207,43.44021 c -1.128287,0.431405 -2.455687,2.289765 -2.455687,3.38487 0,1.39377 0.92918,2.820725 2.256577,3.45124 0.96237,0.431405 1.39377,0.46459 2.42251,0.165925 3.3185,-0.99555 3.58398,-5.541895 0.39822,-6.869295 -1.22785,-0.53096 -1.62607,-0.53096 -2.62162,-0.13274 z m 3.5508,1.294215 c 2.55524,2.555245 -0.2323,6.57063 -3.58398,5.17686 -1.526512,-0.630515 -2.256582,-2.223395 -1.791992,-3.84946 0.46459,-1.559695 1.460142,-2.289765 3.119392,-2.289765 0.96236,0 1.52651,0.232295 2.25658,0.962365 z"
       id="path1531"
       style="fill:#000000;stroke:none;stroke-width:0.0165925" />
    <path
       d="m 108.95558,49.67899 c -2.22339,1.12829 -11.282897,8.395805 -11.282897,9.059505 0,0.13274 0.564145,-0.33185 1.26103,-0.99555 1.825177,-1.758805 9.557277,-7.63255 10.552827,-7.997585 2.78754,-1.06192 5.77419,0.99555 5.77419,4.04857 0,1.957915 -0.59733,2.78754 -3.78309,5.210045 -1.65925,1.26103 -4.11494,3.11939 -5.44234,4.148125 -2.12384,1.626065 -2.62161,1.85836 -3.94901,1.85836 -2.654802,0 -4.081757,-1.3274 -4.446792,-4.148125 l -0.19911,-1.65925 -0.06637,1.426955 c -0.06637,2.820725 1.79199,4.71227 4.679082,4.71227 1.49333,0 1.82518,-0.19911 6.93567,-4.081755 2.95346,-2.223395 5.67463,-4.51316 6.00648,-5.04412 0.92918,-1.52651 0.79644,-3.84946 -0.26548,-5.143675 -1.69243,-1.9911 -3.68353,-2.488875 -5.77419,-1.39377 z"
       id="path1539"
       style="fill:#000000;stroke:none;stroke-width:0.0165925" />
    <path
       d="m 91.533458,50.5418 c -2.887095,1.26103 -2.85391,5.3096 0.03319,6.670185 2.45569,1.161475 5.11049,-0.564145 5.11049,-3.285315 0,-1.59288 -0.630515,-2.6548 -1.9911,-3.351685 -1.161475,-0.59733 -1.85836,-0.59733 -3.152575,-0.03318 z m 2.58843,0.165925 c 2.289765,0.86281 2.953465,3.45124 1.360585,5.3096 -0.73007,0.86281 -1.095105,1.028735 -2.356135,1.028735 -3.749905,0 -4.745455,-4.6459 -1.294215,-6.17241 1.26103,-0.53096 1.294215,-0.53096 2.289765,-0.165925 z"
       id="path1543"
       style="fill:#000000;stroke:none;stroke-width:0.0165925" />
    <path
       d="m 109.3538,50.641355 c -1.26103,0.630515 -2.05747,1.92473 -2.05747,3.45124 0,1.52651 1.85836,3.285315 3.45124,3.285315 2.38932,0 3.91583,-1.360585 3.91583,-3.484425 0,-1.426955 -0.56414,-2.38932 -1.82517,-3.152575 -1.29422,-0.79644 -2.05747,-0.829625 -3.48443,-0.09956 z m 3.94902,1.06192 c 1.16147,1.161475 1.29421,2.85391 0.33185,4.081755 -0.49778,0.630515 -0.99555,0.829625 -2.19021,0.895995 -2.68799,0.13274 -4.2145,-1.559695 -3.48443,-3.816275 0.76326,-2.32295 3.58398,-2.92028 5.34279,-1.161475 z"
       id="path1545"
       style="fill:#000000;stroke:none;stroke-width:0.0165925" />
    <path
       d="m 100.50815,57.534476 c -1.261018,0.630515 -2.057458,1.92473 -2.057458,3.45124 0,1.52651 1.858348,3.285315 3.451228,3.285315 2.38932,0 3.91583,-1.360585 3.91583,-3.484425 0,-1.426955 -0.56414,-2.38932 -1.82517,-3.152575 -1.29422,-0.79644 -2.05747,-0.829625 -3.48443,-0.09956 z m 3.94902,1.06192 c 1.16147,1.161475 1.29421,2.85391 0.33185,4.081755 -0.49778,0.630515 -0.99555,0.829625 -2.19021,0.895995 -2.687987,0.13274 -4.214488,-1.559695 -3.484418,-3.816275 0.763251,-2.32295 3.583968,-2.92028 5.342778,-1.161475 z"
       id="path1545-9"
       style="fill:#000000;stroke:none;stroke-width:0.0165925" />
    <path
       d="m 45.704973,42.77651 c -2.157025,0.431405 -3.58398,1.161475 -5.143675,2.555245 -1.39377,1.26103 -3.285315,3.91583 -3.285315,4.546345 0.03319,0.19911 0.298665,-0.165925 0.6637,-0.79644 1.028735,-1.957915 2.820725,-3.78309 4.679085,-4.811825 1.493325,-0.79644 2.289765,-0.99555 4.679085,-1.095105 2.555245,-0.13274 3.05302,-0.06637 4.811825,0.73007 4.04857,1.85836 6.43789,5.50871 6.43789,9.88913 0,1.3274 -0.232295,3.05302 -0.497775,3.84946 -0.497775,1.360585 -2.422505,4.38042 -2.820725,4.38042 -0.09955,0.03319 -0.630515,0.39822 -1.19466,0.86281 -0.763255,0.6637 -0.829625,0.763255 -0.232295,0.46459 1.227845,-0.59733 3.285315,-2.887095 4.04857,-4.44679 2.45569,-5.077305 0.696885,-11.581565 -3.91583,-14.501845 -2.356135,-1.493325 -5.674635,-2.157025 -8.22988,-1.626065 z"
       id="path1593"
       style="fill:#000000;stroke:none;stroke-width:0.0165925" />
    <path
       d="m 50.029362,64.828381 c 2.157025,-0.431405 3.58398,-1.161475 5.143675,-2.555245 1.39377,-1.26103 3.285315,-3.91583 3.285315,-4.546345 -0.03319,-0.19911 -0.298665,0.165925 -0.6637,0.79644 -1.028735,1.957915 -2.820725,3.78309 -4.679085,4.811825 -1.493325,0.79644 -2.289765,0.99555 -4.679085,1.095105 -2.555245,0.13274 -3.05302,0.06637 -4.811825,-0.73007 -4.04857,-1.85836 -6.43789,-5.50871 -6.43789,-9.88913 0,-1.3274 0.232295,-3.05302 0.497775,-3.84946 0.497775,-1.360585 2.422505,-4.38042 2.820725,-4.38042 0.09955,-0.03319 0.630515,-0.39822 1.19466,-0.86281 0.763255,-0.6637 0.829625,-0.763255 0.232295,-0.46459 -1.227845,0.59733 -3.285315,2.887095 -4.04857,4.44679 -2.45569,5.077305 -0.696885,11.581565 3.91583,14.501845 2.356135,1.493325 5.674635,2.157025 8.22988,1.626065 z"
       id="path1593-8"
       style="fill:#000000;stroke:none;stroke-width:0.0165925" />
    <path
       d="m 47.165113,45.663605 c -2.58843,0.13274 -2.72117,0.33185 -2.52206,3.3185 l 0.09955,1.85836 -2.19021,-0.06637 c -2.820725,-0.09956 -3.019835,0.13274 -2.887095,3.51761 l 0.09955,2.58843 2.58843,0.09955 2.555245,0.09956 v 2.25658 c 0,1.52651 0.165925,2.38932 0.46459,2.6548 0.431405,0.365035 4.57953,0.232295 5.210045,-0.165925 0.165925,-0.09956 0.298665,-1.19466 0.298665,-2.488875 V 57.04606 h 2.024285 c 2.98665,0 3.285315,-0.26548 3.285315,-2.85391 0,-3.18576 -0.232295,-3.45124 -2.98665,-3.45124 h -2.32295 v -2.32295 c 0,-1.92473 -0.09956,-2.356135 -0.630515,-2.6548 -0.365035,-0.165925 -0.696885,-0.298665 -0.763255,-0.26548 -0.06637,0.03318 -1.095105,0.09955 -2.32295,0.165925 z m 0.06637,0.829625 c 0,0.298665 0.09956,0.298665 0.39822,0 0.497775,-0.497775 1.06192,-0.53096 0.763255,-0.06637 -0.298665,0.46459 0.298665,0.39822 0.763255,-0.06637 0.696885,-0.696885 1.06192,0.298665 1.06192,2.92028 v 2.356135 l 2.38932,0.06637 c 1.3274,0.03319 2.52206,0.165925 2.687985,0.33185 0.13274,0.13274 0.232295,1.12829 0.165925,2.19021 l -0.09955,1.92473 -2.6548,-0.06637 -2.6548,-0.06637 0.09956,2.85391 c 0.09955,2.25658 0.03318,2.820725 -0.298665,2.621615 -0.232295,-0.13274 -1.294215,-0.19911 -2.356135,-0.165925 l -1.92473,0.06637 v -2.12384 c 0,-3.218945 0,-3.218945 -2.820725,-3.218945 h -2.422505 l -0.09956,-1.426955 c -0.26548,-2.85391 -0.19911,-2.92028 2.289765,-2.887095 1.227845,0.03318 2.38932,0.03318 2.555245,0.03318 0.232295,-0.03318 0.298665,-0.895995 0.232295,-2.356135 -0.165925,-2.488875 0.165925,-3.3185 1.294215,-3.3185 0.365035,0 0.630515,0.165925 0.630515,0.39822 z"
       id="path1595"
       style="fill:#000000;stroke:none;stroke-width:0.0165925" />
    <path
       d="m 47.032373,47.82063 c -0.165925,0.232295 -0.09956,0.26548 0.165925,0.13274 0.232295,-0.165925 0.630515,0 0.895995,0.33185 0.46459,0.59733 0.46459,0.59733 0.13274,-0.13274 -0.39822,-0.79644 -0.829625,-0.92918 -1.19466,-0.33185 z"
       id="path1597"
       style="fill:#000000;stroke:none;stroke-width:0.0165925" />
    <path
       d="m 46.435043,48.982105 c -0.19911,0.46459 -0.165925,0.497775 0.165925,0.19911 0.232295,-0.232295 0.33185,-0.497775 0.232295,-0.59733 -0.09956,-0.09956 -0.298665,0.06637 -0.39822,0.39822 z"
       id="path1599"
       style="fill:#000000;stroke:none;stroke-width:0.0165925" />
    <path
       d="m 48.558883,49.380325 c 0,0.165925 0.165925,0.431405 0.33185,0.53096 0.19911,0.09956 0.33185,0.06637 0.33185,-0.13274 0,-0.165925 -0.13274,-0.431405 -0.33185,-0.53096 -0.165925,-0.09956 -0.33185,-0.06637 -0.33185,0.13274 z"
       id="path1601"
       style="fill:#000000;stroke:none;stroke-width:0.0165925" />
    <path
       d="m 46.600968,52.964305 c -0.431405,0.46459 -0.39822,0.497775 0.365035,0.33185 0.497775,-0.13274 1.06192,-0.03318 1.426955,0.232295 0.59733,0.431405 0.59733,0.497775 0.06637,1.3274 -0.59733,0.895995 -0.365035,1.19466 0.365035,0.46459 0.59733,-0.59733 0.497775,-1.758805 -0.19911,-2.356135 -0.763255,-0.696885 -1.426955,-0.696885 -2.024285,0 z"
       id="path1603"
       style="fill:#000000;stroke:none;stroke-width:0.0165925" />
    <path
       d="m 51.379608,52.765195 c -0.13274,0.19911 -0.13274,0.431405 -0.03318,0.53096 0.09955,0.13274 0.19911,0.03319 0.19911,-0.165925 0,-0.232295 0.564145,-0.13274 1.59288,0.298665 0.86281,0.365035 1.426955,0.53096 1.227845,0.33185 -0.6637,-0.6637 -2.78754,-1.360585 -2.98665,-0.99555 z"
       id="path1605"
       style="fill:#000000;stroke:none;stroke-width:0.0165925" />
    <path
       d="m 41.822328,53.26297 c -0.53096,0.298665 -0.895995,0.59733 -0.79644,0.6637 0.09955,0.09955 0.6637,-0.13274 1.26103,-0.497775 1.294215,-0.79644 0.92918,-0.92918 -0.46459,-0.165925 z"
       id="path1607"
       style="fill:#000000;stroke:none;stroke-width:0.0165925" />
    <path
       d="m 52.872933,54.889035 c -0.46459,0.26548 -0.6637,0.46459 -0.46459,0.497775 0.165925,0 0.630515,-0.232295 0.99555,-0.497775 0.79644,-0.59733 0.53096,-0.630515 -0.53096,0 z"
       id="path1609"
       style="fill:#000000;stroke:none;stroke-width:0.0165925" />
    <path
       d="m 47.496963,58.273905 c 0.763255,0.06637 1.39377,0.19911 1.39377,0.298665 0,0.09956 -0.232295,0.59733 -0.497775,1.12829 -0.298665,0.564145 -0.431405,0.99555 -0.365035,0.99555 0.232295,0 1.19466,-1.85836 1.19466,-2.32295 0,-0.19911 -0.6637,-0.298665 -1.559695,-0.26548 l -1.59288,0.03319 z"
       id="path1611"
       style="fill:#000000;stroke:none;stroke-width:0.0165925" />
    <path
       d="m 36.977318,50.94002 c 0,0.365035 0.09956,0.46459 0.19911,0.19911 0.09955,-0.232295 0.06637,-0.53096 -0.03319,-0.630515 -0.09955,-0.13274 -0.19911,0.06637 -0.165925,0.431405 z"
       id="path1613"
       style="fill:#000000;stroke:none;stroke-width:0.0165925" />
    <path
       d="m 36.711838,53.561635 c 0,1.095105 0.06637,1.493325 0.13274,0.895995 0.06637,-0.59733 0.06637,-1.493325 0,-1.9911 -0.06637,-0.497775 -0.13274,0 -0.13274,1.095105 z"
       id="path1615"
       style="fill:#000000;stroke:none;stroke-width:0.0165925" />
    <path
       d="m 67.308408,54.158965 c -0.39822,0.232295 -1.559695,1.06192 -2.58843,1.85836 -1.692435,1.294215 -1.92473,1.59288 -1.825175,2.488875 0.06637,0.86281 0.26548,1.06192 1.028735,1.12829 0.73007,0.09956 1.52651,-0.33185 3.418055,-1.758805 2.555245,-1.92473 2.92028,-2.621615 1.85836,-3.58398 -0.73007,-0.6637 -0.99555,-0.6637 -1.891545,-0.13274 z m 1.825175,0.99555 c 0,0.763255 -0.564145,1.559695 -1.095105,1.559695 -0.13274,0 -0.165925,-0.165925 -0.03319,-0.39822 0.13274,-0.232295 0.09956,-0.26548 -0.165925,-0.13274 -0.19911,0.13274 -0.298665,0.365035 -0.19911,0.53096 0.09955,0.13274 -0.59733,0.829625 -1.52651,1.52651 -1.3274,0.962365 -1.825175,1.161475 -2.25658,0.895995 -1.06192,-0.6637 -0.73007,-1.3274 1.493325,-3.019835 2.422505,-1.891545 3.78309,-2.223395 3.78309,-0.962365 z"
       id="path1617"
       style="fill:#000000;stroke:none;stroke-width:0.0165925" />
    <path
       d="m 75.637843,55.51955 c -2.6548,2.05747 -3.019835,2.58843 -2.52206,3.51761 0.59733,1.12829 1.891545,0.79644 4.38042,-1.06192 2.52206,-1.92473 2.92028,-2.6548 2.05747,-3.617165 -0.86281,-0.962365 -1.426955,-0.79644 -3.91583,1.161475 z m 3.71672,-0.232295 c 0.09955,0.696885 -1.095105,1.891545 -1.626065,1.559695 -0.13274,-0.06637 -0.365035,0.03319 -0.497775,0.232295 -0.165925,0.26548 -0.06637,0.33185 0.232295,0.165925 0.26548,-0.13274 0.165925,-0.03319 -0.165925,0.26548 -0.33185,0.26548 -0.763255,0.431405 -0.962365,0.298665 -0.19911,-0.09955 -0.232295,-0.03318 -0.13274,0.13274 0.26548,0.431405 -0.99555,1.26103 -1.92473,1.26103 -0.431405,0 -0.696885,-0.26548 -0.763255,-0.696885 -0.06637,-0.53096 0.46459,-1.12829 2.157025,-2.422505 2.38932,-1.79199 3.51761,-2.024285 3.683535,-0.79644 z"
       id="path1619"
       style="fill:#000000;stroke:none;stroke-width:0.0165925" />
    <path
       d="m 39.764858,61.69196 c 0.33185,0.365035 0.6637,0.6637 0.763255,0.6637 0.09956,0 -0.09955,-0.298665 -0.431405,-0.6637 -0.33185,-0.365035 -0.6637,-0.6637 -0.763255,-0.6637 -0.09955,0 0.09956,0.298665 0.431405,0.6637 z"
       id="path1621"
       style="fill:#000000;stroke:none;stroke-width:0.0165925" />
    <path
       d="m 48.326588,64.910905 c 0.298665,0.06637 0.829625,0.06637 1.161475,0 0.298665,-0.09955 0.03319,-0.165925 -0.59733,-0.165925 -0.630515,0 -0.895995,0.06637 -0.564145,0.165925 z"
       id="path1643"
       style="fill:#000000;stroke:none;stroke-width:0.0165925" />
  </g>
</svg>
