<?xml version="1.0" encoding="UTF-8" standalone="no"?>
<!-- Created with Inkscape (http://www.inkscape.org/) -->

<svg
   viewBox="0 0 150.00001 100"
   version="1.1"
   id="svg5"
   sodipodi:docname="SwitchPro.svg"
   inkscape:version="1.1.1 (c3084ef, 2021-09-22)"
   xmlns:inkscape="http://www.inkscape.org/namespaces/inkscape"
   xmlns:sodipodi="http://sodipodi.sourceforge.net/DTD/sodipodi-0.dtd"
   xmlns="http://www.w3.org/2000/svg"
   xmlns:svg="http://www.w3.org/2000/svg">
  <sodipodi:namedview
     id="namedview7"
     pagecolor="#505050"
     bordercolor="#eeeeee"
     borderopacity="1"
     inkscape:pageshadow="0"
     inkscape:pageopacity="0"
     inkscape:pagecheckerboard="0"
     inkscape:document-units="mm"
     showgrid="false"
     showguides="true"
     inkscape:guide-bbox="true"
     units="cm"
     inkscape:lockguides="true"
     inkscape:zoom="3.3095305"
     inkscape:cx="261.36638"
     inkscape:cy="182.50323"
     inkscape:window-width="2138"
     inkscape:window-height="1262"
     inkscape:window-x="651"
     inkscape:window-y="37"
     inkscape:window-maximized="0"
     inkscape:current-layer="layer1">
    <inkscape:grid
       type="xygrid"
       id="grid9" />
    <sodipodi:guide
       position="129.19114,80.000002"
       orientation="0,1"
       id="guide21"
       inkscape:label=""
       inkscape:locked="true"
       inkscape:color="rgb(0,0,255)" />
    <sodipodi:guide
       position="120,100"
       orientation="-1,0"
       id="guide23"
       inkscape:label=""
       inkscape:locked="true"
       inkscape:color="rgb(0,0,255)" />
    <sodipodi:guide
       position="150,20.000001"
       orientation="0,1"
       id="guide25"
       inkscape:label=""
       inkscape:locked="true"
       inkscape:color="rgb(0,0,255)" />
    <sodipodi:guide
       position="30.000001,-1.5039822e-14"
       orientation="-1,0"
       id="guide27"
       inkscape:label=""
       inkscape:locked="true"
       inkscape:color="rgb(0,0,255)" />
  </sodipodi:namedview>
  <defs
     id="defs2" />
  <g
     inkscape:label="Layer 1"
     inkscape:groupmode="layer"
     id="layer1">
    <path
       d="m 51.6819,22.351098 c -5.82913,0.787679 -8.897093,2.194246 -11.075347,5.091775 -0.490873,0.675153 -1.257865,1.575356 -1.718058,2.025457 -2.178255,2.166114 -3.313401,6.357685 -6.657481,24.530538 -2.116895,11.590116 -2.485049,14.881484 -2.024856,17.582093 0.766992,4.472885 3.620197,7.314152 7.669908,7.651728 1.564661,0.140656 2.055536,0.05627 3.528158,-0.61889 2.239612,-0.984597 3.129322,-2.109851 6.473402,-8.158091 1.472622,-2.644347 3.067963,-5.316826 3.589516,-5.963847 1.6567,-2.166114 0.429515,-2.053588 23.500597,-2.053588 16.751079,0 20.80079,0.08439 21.59846,0.393838 1.503302,0.562627 2.607769,2.025458 5.675731,7.651728 3.92699,7.0891 5.7371,8.805112 9.41864,8.833244 3.86564,0 7.20972,-2.897529 8.16079,-7.004707 0.76699,-3.375762 -0.55223,-12.574713 -4.32583,-30.691303 -1.6567,-7.764252 -2.48505,-10.296074 -4.04971,-11.843298 -0.67495,-0.675152 -1.53398,-1.744143 -1.93281,-2.363034 -0.82835,-1.294041 -3.09865,-2.981923 -5.09282,-3.7696 -1.65671,-0.675153 -5.368941,-1.322173 -8.866418,-1.575356 -2.270293,-0.168788 -2.791847,-0.112525 -4.111071,0.393839 -1.472622,0.590758 -1.902137,0.618889 -16.413602,0.618889 -14.358068,0 -14.97166,0 -16.290884,-0.562627 -1.564661,-0.647021 -3.190681,-0.703283 -7.056315,-0.168788 z m 7.516509,0.872073 1.227186,0.534495 -1.68738,0.168788 -1.687379,0.168788 1.564661,0.02813 c 0.859029,0.02813 1.6567,-0.02813 1.779419,-0.168788 0.337475,-0.309445 29.329725,-0.253183 29.329725,0.05626 0,0.140657 0.09204,0.19692 0.184078,0.112526 0.09204,-0.112526 0.153399,-0.281314 0.122719,-0.393839 -0.09204,-0.42197 2.607769,-1.209649 4.172429,-1.209649 1.932817,-0.02813 4.448548,0.281314 4.295149,0.506365 -0.06135,0.08439 0.613592,0.168788 1.472618,0.19692 0.889716,0 1.871466,0.112524 2.208936,0.253182 0.3068,0.112525 0.64427,0.253182 0.73631,0.281313 1.38059,0.337576 3.22137,1.294042 3.74292,1.969195 0.12271,0.140656 0.24543,0.196919 0.24543,0.08439 0,-0.337575 1.22719,0.675153 1.59535,1.294043 0.30679,0.506364 0.24543,0.506364 -0.70564,-0.08439 -1.28854,-0.787679 -3.43612,-1.65975 -4.5099,-1.8848 -0.4602,-0.05627 -0.0614,0.168788 0.85902,0.534495 4.04972,1.631618 7.08701,3.938389 8.13011,6.188897 0.67495,1.46283 1.68738,5.00738 1.38059,4.838592 -0.12272,-0.08439 -0.3068,0.05627 -0.39884,0.281313 -0.12272,0.281314 -0.0307,0.337576 0.3068,0.225052 0.36815,-0.140658 0.46019,-0.05627 0.30679,0.281313 -0.092,0.253182 -0.0614,0.478233 0.092,0.478233 0.1534,0 0.24543,0.787678 0.21476,1.772275 -0.0614,1.406567 -0.21476,1.912932 -0.767,2.447428 -0.39883,0.393838 -1.41126,1.772274 -2.30096,3.094448 -0.85904,1.322173 -1.65671,2.447428 -1.74875,2.531822 -0.12272,0.08439 -0.46019,0.534495 -0.76698,1.040859 -0.3068,0.506365 -0.70563,0.815809 -0.88972,0.731415 -0.18407,-0.08439 -0.24543,-0.08439 -0.12271,0.05627 0.36815,0.365708 -0.70563,1.800407 -1.25787,1.631619 -0.36815,-0.112526 -0.39883,-0.05627 -0.092,0.112525 0.39884,0.281313 -0.39883,1.490961 -2.30096,3.403893 -0.55224,0.534496 -1.01244,1.097123 -1.01244,1.265911 0,0.140657 -0.21475,0.19692 -0.42951,0.112526 -0.3068,-0.112526 -0.39883,-0.02813 -0.27612,0.253182 0.092,0.196919 0,0.393839 -0.18408,0.393839 -0.18407,0 -0.3068,0.08439 -0.27611,0.196919 0.12272,0.42197 -1.04311,1.772275 -1.38058,1.575355 -0.18409,-0.08439 -0.21476,-0.02813 -0.092,0.168788 0.12272,0.168789 -0.27611,0.787679 -1.012423,1.462831 -0.705631,0.618889 -1.257865,1.26591 -1.257865,1.46283 0.03068,0.309445 1.411263,-0.984597 2.761168,-2.50369 3.83495,-4.388491 8.98913,-10.999358 11.96506,-15.359717 0.92039,-1.378436 1.77941,-2.475559 1.87145,-2.475559 0.12272,0 0.18408,0.421971 0.1534,0.900203 -0.0307,0.506365 0.12272,1.350305 0.33748,1.8848 0.24543,0.506365 0.36815,1.012729 0.27611,1.097123 -0.092,0.08439 -0.0307,0.309445 0.18408,0.534496 0.24544,0.281313 0.24544,0.478233 0,0.703284 -0.24544,0.22505 -0.18408,0.42197 0.1534,0.731415 0.27612,0.281314 0.42951,0.787678 0.33747,1.490961 -0.0614,0.562627 0,0.984597 0.12272,0.928335 0.15341,-0.08439 0.24544,0.02813 0.27612,0.225051 0,0.196919 0.0614,0.675152 0.12272,1.068991 0.0614,0.393838 0.18407,1.153385 0.27611,1.687881 0.0614,0.534495 0.3068,1.65975 0.49088,2.475559 0.21475,0.815809 0.27612,1.575356 0.18408,1.65975 -0.092,0.08439 0,0.42197 0.18408,0.759546 0.18407,0.309445 0.30679,1.068992 0.30679,1.65975 -0.0307,0.590758 0.0614,1.012728 0.18408,0.928334 0.12272,-0.05627 0.24544,0.112526 0.24544,0.42197 0,0.365708 -0.1534,0.506365 -0.4602,0.39384 -0.33747,-0.112526 -0.3068,-0.02813 0.092,0.393839 0.30679,0.309444 0.55224,1.040859 0.58292,1.828537 0.0307,0.703284 0.12271,1.294042 0.21475,1.294042 0.18408,0 0.21475,0.337576 0.27612,4.360359 0.092,4.388491 -0.39883,5.738796 -2.85321,8.101829 -0.4602,0.450102 -0.61359,0.478234 -0.85903,0.168788 -0.21476,-0.309445 -0.24543,-0.253182 -0.18408,0.140658 0.0614,0.42197 -0.24544,0.675151 -1.28854,1.040859 -1.53398,0.562627 -2.94524,0.675153 -3.22137,0.253182 -0.092,-0.140656 -0.39883,-0.168788 -0.67494,-0.08439 -0.3068,0.112526 -0.42952,0.05627 -0.3068,-0.112526 0.1534,-0.196918 0,-0.253182 -0.39884,-0.168788 -0.36815,0.08439 -0.61359,0 -0.61359,-0.168788 0,-0.196919 -0.12272,-0.281313 -0.27611,-0.168787 -0.18408,0.08439 -0.4602,-0.112526 -0.64428,-0.42197 -0.18407,-0.309446 -0.46019,-0.506365 -0.64426,-0.421971 -0.15341,0.112525 -0.27613,0.08439 -0.24544,-0.05626 0.092,-0.506363 -0.0307,-0.956466 -0.24545,-0.84394 -0.15339,0.08439 -0.4295,-0.05626 -0.67494,-0.281314 -0.36816,-0.365708 -0.33748,-0.393838 0.30679,-0.253182 0.6136,0.168788 0.64428,0.140657 0.21476,-0.112526 -0.3068,-0.168788 -0.64427,-0.281313 -0.73631,-0.281313 -0.27612,0.05627 -1.65671,-2.222376 -1.65671,-2.70061 0,-0.22505 -0.12271,-0.393838 -0.27611,-0.393838 -0.21476,0 -0.58291,-0.787678 -0.58291,-1.322174 0,-0.08439 -0.18408,-0.253182 -0.36816,-0.365707 -0.21475,-0.112526 -0.39884,-0.534496 -0.39884,-0.956466 -0.0307,-0.393839 -0.24543,-0.787678 -0.4295,-0.872072 -0.21476,-0.05626 -0.39884,-0.365708 -0.39884,-0.675152 0,-0.309445 -0.18408,-0.731415 -0.36816,-0.928335 -1.07378,-1.04086 -1.871455,-2.672479 -1.564659,-3.12258 0.122715,-0.19692 -0.06135,-0.140656 -0.368156,0.08439 -0.521554,0.393839 -0.552233,0.365707 -0.398835,-0.22505 0.153398,-0.534496 0.122718,-0.590759 -0.245436,-0.309446 -0.337477,0.253182 -0.429515,0.19692 -0.429515,-0.253182 0,-0.450101 -0.122719,-0.562627 -0.521555,-0.42197 -0.337476,0.112525 -0.429515,0.08439 -0.276116,-0.140657 0.153398,-0.22505 -0.06136,-0.337576 -0.582913,-0.337576 -0.429515,0 -0.736311,-0.08439 -0.644272,-0.225051 0.122718,-0.168788 -40.435754,-0.168788 -42.920803,0.02813 -0.644272,0.02813 -0.889709,-0.05627 -0.82835,-0.309446 0.03068,-0.22505 -0.06135,-0.309444 -0.214758,-0.196918 -0.184077,0.08439 -0.398835,-0.140658 -0.521554,-0.534496 -0.09204,-0.393839 -0.276116,-0.703284 -0.398835,-0.675153 -0.644272,0.05626 -1.073787,-0.08439 -0.76699,-0.281313 0.245437,-0.140657 0.122718,-0.506364 -0.398836,-1.181517 -0.429515,-0.534496 -0.705631,-0.759547 -0.582912,-0.478233 0.09204,0.309445 0.06135,0.450101 -0.122719,0.337577 -0.184078,-0.08439 -0.306796,-0.421971 -0.306796,-0.703285 0,-0.281313 -0.122719,-0.590758 -0.276117,-0.703283 -0.184078,-0.08439 -0.276117,0.140657 -0.276117,0.478233 0.06135,0.759546 0.828351,1.687881 1.196505,1.46283 0.153399,-0.08439 0.184078,0.02813 0.09204,0.253182 -0.09204,0.22505 0.245438,0.703284 0.797671,1.153385 0.521553,0.393839 0.859029,0.731415 0.736311,0.731415 -0.122719,0 0.09204,0.253182 0.490874,0.562628 l 0.705632,0.562627 -1.196506,1.040859 c -0.644272,0.562627 -1.135146,1.23778 -1.104467,1.462831 0.06136,0.253181 0,0.365707 -0.122718,0.225051 -0.245437,-0.225051 -1.963497,2.447427 -1.963497,3.094448 0,0.196919 -0.122718,0.365708 -0.276116,0.365708 -0.153398,0 -0.460194,0.562626 -0.674952,1.237779 -0.214758,0.703284 -0.521554,1.181517 -0.705632,1.097123 -0.153397,-0.112526 -0.214756,0.02813 -0.09204,0.281313 0.09204,0.253182 0,0.506364 -0.276117,0.590758 -0.276117,0.08439 -0.368156,0.281314 -0.276117,0.450102 0.09204,0.140657 0.03068,0.281313 -0.153398,0.281313 -0.184078,0 -0.276117,0.112526 -0.153398,0.281314 0.09204,0.140657 -0.09204,0.506365 -0.460195,0.843941 -0.337475,0.309444 -0.613592,0.759547 -0.613592,0.984597 0,0.225051 -0.153398,0.42197 -0.337476,0.42197 -0.153398,0 -0.245437,0.112525 -0.153398,0.225051 0.09204,0.140656 -0.245437,0.590758 -0.766991,1.012729 -0.674952,0.590758 -0.85903,0.647021 -0.705631,0.253182 0.153398,-0.478233 0.153398,-0.478233 -0.184078,0 -0.184078,0.253182 -0.245438,0.590758 -0.153399,0.759547 0.09204,0.140656 -0.184078,0.337576 -0.613592,0.450101 -0.429515,0.08439 -0.766991,0.281314 -0.766991,0.42197 0,0.112526 -0.368156,0.225051 -0.828349,0.225051 -0.490875,0.02813 -1.472623,0.02813 -2.178255,0.02813 -0.73631,0.02813 -1.503302,-0.112526 -1.718059,-0.253182 -0.214758,-0.168788 -0.490873,-0.225051 -0.582912,-0.112526 -0.122719,0.08439 -0.214758,0.02813 -0.214758,-0.168788 0,-0.196919 -0.153398,-0.253181 -0.306796,-0.168787 -0.184078,0.08439 -0.306797,0.02813 -0.306797,-0.112526 0,-0.168788 -0.184078,-0.309444 -0.429515,-0.309444 -0.79767,0 -2.883885,-2.89753 -3.190681,-4.36036 -0.214757,-1.181516 -0.214757,-4.97925 0.03068,-5.119906 0.122717,-0.08439 0.09204,-0.309445 -0.09204,-0.506364 -0.184078,-0.196919 -0.245437,-0.534496 -0.184078,-0.731415 0.122719,-0.365707 0.429514,-2.391165 0.644272,-4.191571 0.306796,-2.616216 1.012428,-6.582737 1.288544,-7.314152 0.09204,-0.22505 0.214758,-1.040859 0.276117,-1.800406 0.06135,-0.759547 0.276117,-1.8848 0.490874,-2.531821 0.184078,-0.61889 0.337476,-1.265911 0.276117,-1.406568 -0.03068,-0.140657 0.122719,-0.365707 0.337476,-0.478233 0.306796,-0.196919 0.306796,-0.253182 0.03068,-0.253182 -0.306797,0 -0.245437,-0.393839 0.184077,-1.406568 0.337476,-0.759546 0.460195,-1.322173 0.306796,-1.237779 -0.398835,0.225051 -0.337476,-0.281313 0.09204,-0.703284 0.337476,-0.309444 0.306797,-0.337576 -0.06136,-0.168788 -0.398835,0.225051 -0.398835,0.168788 -0.03068,-0.22505 0.214758,-0.253182 0.337477,-0.675153 0.214758,-0.900203 -0.09204,-0.225052 -0.03068,-0.421971 0.122719,-0.421971 0.184077,0 0.306796,-0.281314 0.306796,-0.647022 0.03068,-0.506363 0.122719,-0.450101 0.613592,0.421971 0.337476,0.562628 0.736312,1.125254 0.92039,1.209648 0.184077,0.112525 0.214757,0.309445 0.122718,0.478233 -0.122718,0.19692 -0.06135,0.225051 0.122719,0.112526 0.337475,-0.19692 0.184078,-1.012729 -0.214758,-1.012729 -0.276117,0 -1.68738,-2.531822 -1.472622,-2.70061 0.09204,-0.08439 0.398834,0.19692 0.705631,0.647022 0.306796,0.42197 1.718059,2.419295 3.160002,4.444753 3.926993,5.513744 10.308355,13.249866 8.989132,10.943095 -0.153399,-0.309445 -0.214757,-0.703284 -0.122719,-0.928335 0.06135,-0.22505 0,-0.309444 -0.153397,-0.22505 -0.276117,0.168788 -1.626021,-0.984598 -1.626021,-1.378437 0,-0.112525 -0.276117,-0.42197 -0.613593,-0.675152 -0.368156,-0.281313 -0.582913,-0.675152 -0.552234,-0.872072 0.06136,-0.22505 -0.09204,-0.365708 -0.306795,-0.309444 -0.214758,0.02813 -0.490874,-0.168789 -0.582913,-0.421971 -0.122719,-0.281314 -0.613593,-0.900203 -1.104467,-1.350305 -0.490874,-0.478233 -1.196506,-1.46283 -1.595341,-2.222376 -0.398835,-0.759547 -0.82835,-1.46283 -0.981748,-1.547224 -0.582913,-0.39384 -1.840777,-2.447428 -1.74874,-2.897529 0.03068,-0.281314 -0.06135,-0.450103 -0.214756,-0.421971 -0.153398,0.02813 -0.521554,-0.309444 -0.828351,-0.787678 -0.276117,-0.450101 -0.76699,-1.04086 -1.043107,-1.294042 -0.951069,-0.787678 -1.227185,-1.8848 -0.674952,-2.644347 0.368156,-0.534496 0.398835,-0.787678 0.122719,-1.294042 -0.214758,-0.365708 -0.245438,-0.675152 -0.09204,-0.787678 0.153398,-0.08439 0.276116,-0.534495 0.276116,-1.012729 -0.03068,-0.647021 0.153399,-0.928334 0.828351,-1.209647 0.460194,-0.19692 0.82835,-0.506365 0.79767,-0.703285 0,-0.253182 -0.06135,-0.253182 -0.184078,0 -0.214758,0.534496 -1.012427,0.421971 -0.981748,-0.140656 0.03068,-1.012729 1.104467,-3.066317 2.270292,-4.444753 1.196507,-1.406568 3.589517,-2.925661 6.289325,-4.022784 0.766991,-0.309444 1.165825,-0.562627 0.920389,-0.562627 -0.276117,-0.02813 -1.564661,0.478233 -2.914566,1.097123 l -2.45437,1.097123 1.6567,-1.378437 c 1.043108,-0.872071 2.393011,-1.659749 3.681557,-2.10985 C 50.6388,22.51989 56.713366,22.126052 59.198416,23.223175 Z M 36.065968,39.173646 c -0.306796,0.253182 -0.337475,0.22505 -0.153399,-0.168788 0.09204,-0.281314 0.276117,-0.421971 0.368156,-0.337576 0.09204,0.08439 0,0.309444 -0.214757,0.506364 z"
       id="path26501" />
    <path
       d="m 91.135904,23.84206 c -0.06135,0.112526 1.073788,0.253182 2.515731,0.281314 1.472622,0.05627 2.607768,0.05627 2.515729,-0.02813 -0.276117,-0.22505 -4.908741,-0.450101 -5.03146,-0.253182 z"
       id="path26503" />
    <path
       d="m 53.36928,24.095242 c -1.043108,0.225052 -1.165826,0.562627 -0.153399,0.42197 0.490875,-0.05626 0.92039,-0.22505 0.92039,-0.365707 0,-0.140657 -0.03068,-0.225051 -0.06135,-0.225051 -0.06136,0.02813 -0.368156,0.08439 -0.705632,0.168788 z"
       id="path26505" />
    <path
       d="m 55.455495,24.095242 c 0.276117,0.05626 0.76699,0.05626 1.073787,0 0.276116,-0.08439 0.03068,-0.140656 -0.552234,-0.140656 -0.582913,0 -0.82835,0.05626 -0.521553,0.140656 z"
       id="path26507" />
    <path
       d="m 96.872996,24.376556 c 0.276117,0.05626 0.76699,0.05626 1.073787,0 0.276117,-0.08439 0.03068,-0.140657 -0.552234,-0.140657 -0.582912,0 -0.82835,0.05627 -0.521553,0.140657 z"
       id="path26509" />
    <path
       d="m 55.056659,24.770395 c 0,0.112525 -0.79767,0.253182 -1.748739,0.337576 -2.055535,0.168788 -6.013207,0.956465 -7.209713,1.434699 -0.276116,0.112525 -0.705632,0.112525 -0.920389,0 -0.214757,-0.112526 -0.306796,-0.112526 -0.184077,0.02813 0.337475,0.337576 -0.828351,1.153385 -3.221361,2.30677 -1.135147,0.562628 -2.024856,1.068993 -1.932817,1.125255 0.06135,0.08439 0.859029,-0.225051 1.779418,-0.647021 0.889709,-0.42197 1.932816,-0.900203 2.300972,-1.068991 0.398836,-0.168788 0.705632,-0.39384 0.705632,-0.506365 0,-0.393839 4.11107,-1.350305 7.792626,-1.856669 3.190682,-0.421971 6.258645,-0.478233 22.273412,-0.478233 18.837293,0 21.751858,0.112526 27.120787,1.153385 1.16583,0.225051 2.82254,0.731415 3.68156,1.125254 l 1.53398,0.703284 -0.82835,-0.703284 c -0.49087,-0.393839 -0.98174,-0.731415 -1.16582,-0.731415 -0.1534,0 -0.27612,-0.140656 -0.27612,-0.309445 0,-0.140656 -0.12271,-0.22505 -0.27612,-0.140656 -0.15339,0.08439 -1.13514,-0.08439 -2.17824,-0.39384 -1.04312,-0.309444 -2.05554,-0.478232 -2.23962,-0.365707 -0.184084,0.08439 -0.214757,0.02813 -0.09201,-0.140656 0.15341,-0.225052 -0.122711,-0.337576 -0.828346,-0.337576 -1.779419,0 -3.896313,-0.337577 -3.712235,-0.590759 0.214758,-0.337576 -0.521554,-0.309445 -1.104467,0.02813 -0.398835,0.225051 -0.368155,0.281314 0.122719,0.281314 0.337476,0 0.521554,0.08439 0.398835,0.168788 -0.09204,0.112526 -0.429515,0.08439 -0.736311,-0.02813 -0.306796,-0.112525 -0.951069,-0.196919 -1.411264,-0.168788 -0.460193,0.05626 -1.073786,-0.08439 -1.319223,-0.253182 -0.337476,-0.281313 -0.521554,-0.281313 -0.889709,0 -0.245438,0.19692 -0.460195,0.253182 -0.460195,0.112526 0,-0.140657 -6.412043,-0.253183 -14.388746,-0.253183 -9.510686,0 -14.327388,0.08439 -14.204669,0.281314 0.09204,0.140657 -0.06136,0.112525 -0.337477,-0.112525 -0.429515,-0.309445 -0.521554,-0.309445 -0.521554,0 0,0.281313 -0.09204,0.281313 -0.368154,0.02813 -0.429515,-0.393839 -1.902138,-0.450102 -1.626021,-0.05626 0.09204,0.140657 -0.09204,0.281314 -0.429515,0.281314 -0.368156,0 -0.644273,-0.08439 -0.644273,-0.225051 0,-0.112526 -0.552232,-0.19692 -1.227185,-0.19692 -0.674951,-0.02813 -1.227185,0.05627 -1.227185,0.168789 z"
       id="path26511" />
    <path
       d="m 99.020569,24.657869 c 0.276117,0.05626 0.705632,0.05626 0.920392,0 0.184079,-0.08439 -0.0307,-0.140657 -0.552236,-0.140657 -0.490874,0 -0.674951,0.05627 -0.368156,0.140657 z"
       id="path26513" />
    <path
       d="m 75.550653,29.412067 c -0.06135,1.800407 -0.06135,3.291368 0,3.347631 0.214756,0.196919 2.331651,-0.42197 2.546409,-0.759546 0.429515,-0.590759 0.337476,-4.557279 -0.09204,-5.063643 -0.214758,-0.225051 -0.82835,-0.506365 -1.380583,-0.590759 L 75.64269,26.176962 Z m 2.086214,-2.222376 c 0.214758,0.281313 0.429515,0.787677 0.429515,1.153385 0,0.534495 -0.122718,0.590759 -0.79767,0.450101 -0.521554,-0.112524 -0.88971,-0.05626 -1.073787,0.19692 -0.184078,0.253182 -0.276117,0 -0.276117,-0.759547 0,-0.618889 0.09204,-1.237779 0.214757,-1.322173 0.368156,-0.337576 1.104468,-0.196919 1.503302,0.281314 z m 0,2.869397 c -0.306796,0.421971 -1.411263,0.393839 -1.411263,-0.05626 0,-0.19692 0.153398,-0.506364 0.368156,-0.703284 0.306796,-0.281313 0.460195,-0.253183 0.79767,0.05626 0.245437,0.225051 0.337476,0.534495 0.245437,0.703284 z m 0.276117,0.843941 c 0.184078,0.02813 0.06136,0.225051 -0.214758,0.42197 -0.306796,0.196919 -0.460193,0.450101 -0.337476,0.534496 0.09204,0.112525 -0.09204,0.196919 -0.460194,0.196919 -0.490874,0 -0.674952,-0.168788 -0.674952,-0.647021 0,-0.675152 0.03068,-0.675152 1.68738,-0.506364 z"
       id="path26515" />
    <path
       d="m 71.899776,27.020903 c -0.184077,0.337576 -0.368155,1.547224 -0.368155,2.700609 -0.06136,2.447428 0.306796,2.897529 2.331652,2.897529 h 1.165826 l -0.06136,-3.094448 -0.06135,-3.094449 h -1.319224 c -1.043107,0 -1.411263,0.140657 -1.68738,0.590759 z m 2.48505,2.363033 v 2.672478 h -0.920388 c -1.227185,0 -1.626021,-0.787677 -1.441943,-2.841266 0.153398,-1.884801 0.582913,-2.50369 1.626021,-2.50369 0.73631,0 0.73631,0.05627 0.73631,2.672478 z"
       id="path26517" />
    <path
       d="m 72.758806,27.921106 c -0.09204,0.22505 -0.03068,0.562627 0.122718,0.787677 0.337476,0.534496 1.043108,-0.08439 0.797671,-0.703283 -0.245437,-0.562627 -0.705632,-0.590759 -0.920389,-0.08439 z"
       id="path26519" />
    <path
       d="m 107.61086,28.286814 c -0.21475,0.08439 -0.27611,0.337575 -0.18407,0.562627 0.092,0.196918 0.24544,0.337576 0.39883,0.253182 0.12272,-0.05627 0.49087,0.112525 0.79767,0.393839 0.33748,0.253182 0.79767,0.42197 1.01243,0.365708 0.24544,-0.08439 0.33748,0 0.21476,0.196918 -0.12272,0.168788 -0.0614,0.309445 0.092,0.309445 0.70563,0 0.27612,-0.562627 -0.88971,-1.209648 -0.67495,-0.365708 -1.13515,-0.759546 -1.01243,-0.84394 0.21476,-0.225051 0.12272,-0.225051 -0.42952,-0.02813 z"
       id="path26537" />
    <path
       d="m 38.980532,30.790503 c -0.306795,0.19692 -0.490873,0.534496 -0.429514,0.731415 0.06136,0.19692 0.337477,0 0.644272,-0.421969 0.613593,-0.843941 0.582913,-0.872073 -0.214758,-0.309446 z"
       id="path26559" />
    <path
       d="m 97.179792,30.903029 c -1.227186,0.703283 -1.62602,1.378436 -1.62602,2.841267 0,2.278639 2.669128,3.7696 5.000778,2.785003 1.90214,-0.787678 2.39301,-3.516419 0.92039,-5.035511 -1.13514,-1.153386 -2.883885,-1.406568 -4.295148,-0.590759 z m 3.313398,0.309445 c 0.92039,0.478232 1.59535,1.912932 1.38059,2.981923 -0.21476,0.928335 -1.22719,1.912932 -2.331656,2.222376 -0.981748,0.281314 -2.699808,-0.590758 -3.252041,-1.631618 -0.613592,-1.181517 -0.429516,-2.10985 0.674952,-3.094449 0.889709,-0.815809 2.42369,-1.012727 3.528155,-0.478232 z"
       id="path26563" />
    <path
       d="m 97.732025,32.562779 c -0.429515,0.337576 -0.429515,0.365707 0.09204,0.196919 0.337476,-0.08439 0.705632,0 0.828351,0.168788 0.122717,0.225051 0.398834,0.140657 0.79767,-0.225051 0.613594,-0.562627 0.613594,-0.562627 -0.306797,-0.534495 -0.490873,0.02813 -1.135146,0.196919 -1.411264,0.393839 z"
       id="path26565" />
    <path
       d="m 99.634162,33.125406 c -0.214757,0.337576 -0.245437,0.675152 -0.06136,0.928334 0.460198,0.647021 0.276116,0.984598 -0.184078,0.421971 -0.460194,-0.562627 -0.460194,-0.562627 -0.920388,0 -0.245437,0.281313 -0.460195,0.393838 -0.460195,0.22505 0,-0.140656 0.153398,-0.42197 0.337476,-0.590758 0.490874,-0.450101 0.122719,-1.23778 -0.490874,-1.012729 -0.398836,0.140657 -0.429515,0.19692 -0.09204,0.39384 0.245437,0.168788 0.276117,0.253182 0.03068,0.253182 -0.368155,0 -0.368155,0.478232 0,1.068991 0.153399,0.196919 0.552234,0.281313 1.043108,0.168788 0.582913,-0.140657 0.736311,-0.112526 0.552233,0.168788 -0.184078,0.253182 -0.09204,0.281313 0.398836,0.02813 0.36816,-0.168788 0.73631,-0.450101 0.85903,-0.647021 0.12272,-0.19692 0.092,-0.22505 -0.12272,-0.112526 -0.36815,0.19692 -0.52155,-0.281313 -0.42952,-1.322173 0.0614,-0.618889 0,-0.590758 -0.460189,0.02813 z"
       id="path26567" />
    <path
       d="m 62.573169,30.931161 c -0.429515,0.168788 -0.460195,0.253182 -0.153399,0.281313 0.337477,0 0.306797,0.140657 -0.184077,0.506364 -1.349904,1.04086 -0.153399,3.235105 1.748739,3.235105 1.135146,0 1.779418,-0.562626 2.086215,-1.828537 0.214757,-0.815809 0.153398,-1.04086 -0.337476,-1.322174 -0.306797,-0.168788 -0.490875,-0.42197 -0.429515,-0.562627 0.09204,-0.140656 -0.245438,-0.309444 -0.766991,-0.42197 -1.135146,-0.19692 -1.165825,-0.19692 -1.963496,0.112526 z m 2.546409,0.900203 c 0.85903,0.787677 0.03068,2.756871 -1.104467,2.756871 -0.552232,0 -1.902137,-1.097121 -1.902137,-1.547223 0,-0.168789 0.214757,-0.590759 0.490874,-0.928335 0.521554,-0.675153 1.902138,-0.84394 2.51573,-0.281313 z"
       id="path26571" />
    <path
       d="m 62.879965,32.900355 c -0.122718,0.168788 0.245437,0.281313 0.889709,0.281313 0.613593,0 1.104467,-0.140656 1.104467,-0.281313 0,-0.168788 -0.398835,-0.281314 -0.889709,-0.281314 -0.521553,0 -1.012428,0.112526 -1.104467,0.281314 z"
       id="path26573" />
    <path
       d="m 85.337454,30.874897 c -0.276116,0.05627 -0.460193,0.19692 -0.368154,0.337577 0.09204,0.140657 -0.122719,0.393838 -0.460195,0.562626 -1.135146,0.562628 -0.521554,2.531823 0.920388,3.094449 0.951069,0.365708 1.963497,0.05627 2.669128,-0.815809 0.521554,-0.61889 0.490874,-1.856669 -0.06135,-2.27864 -0.337476,-0.253182 -0.398835,-0.450101 -0.153398,-0.675151 0.490874,-0.450102 1.319224,0.506363 1.564662,1.856668 0.184076,1.153386 0.214756,1.181517 0.214756,0.225051 0.03068,-0.534495 -0.153397,-1.294042 -0.398834,-1.68788 -0.337477,-0.590759 -0.644273,-0.703285 -1.902138,-0.703285 -0.797671,-0.02813 -1.718059,0.02813 -2.024856,0.08439 z m 2.300973,1.294043 c 0.79767,1.068991 -0.552234,2.672478 -1.902137,2.278639 -1.380583,-0.393839 -1.564661,-2.306771 -0.245437,-2.869397 0.736311,-0.309445 1.687379,-0.02813 2.147574,0.590758 z"
       id="path26579" />
    <path
       d="m 86.073766,32.393991 c -0.03068,0.309444 -0.184078,0.42197 -0.490874,0.337576 -0.245438,-0.112526 -0.460195,-0.02813 -0.460195,0.140656 0,0.168789 0.214757,0.309445 0.460195,0.309445 0.245437,0 0.460194,0.19692 0.460194,0.450102 0,0.225051 0.153399,0.337576 0.306797,0.253182 0.184077,-0.112526 0.245436,-0.309444 0.153397,-0.450102 -0.122718,-0.140656 0.03068,-0.253182 0.276117,-0.253182 0.276117,0 0.490874,-0.140656 0.490874,-0.281313 0,-0.168788 -0.184078,-0.281314 -0.429515,-0.281314 -0.245437,0 -0.521553,-0.168788 -0.582912,-0.365707 -0.09204,-0.19692 -0.184078,-0.140657 -0.184078,0.140657 z"
       id="path26581" />
    <path
       d="m 110.58679,30.874897 c 0,0.337577 0.58291,0.731415 0.79767,0.534496 0.0614,-0.05626 -0.0613,-0.281313 -0.33748,-0.478232 -0.27611,-0.225052 -0.46019,-0.225052 -0.46019,-0.05627 z"
       id="path26583" />
    <path
       d="m 111.99805,32.703435 c 0.092,0.281314 0.27612,0.421971 0.36815,0.337577 0.092,-0.08439 0,-0.309445 -0.21474,-0.506365 -0.3068,-0.253182 -0.33748,-0.22505 -0.15341,0.168788 z"
       id="path26595" />
    <path
       d="m 49.012772,33.097274 c 0.276117,0.05627 0.705631,0.05627 0.920389,0 0.184078,-0.08439 -0.03068,-0.140657 -0.552233,-0.140657 -0.490874,0 -0.674952,0.05627 -0.368156,0.140657 z"
       id="path26599" />
    <path
       d="m 51.313744,33.097274 c 0.214758,0.08439 0.490874,0.05627 0.582913,-0.02813 0.122719,-0.08439 -0.06135,-0.168788 -0.398835,-0.140657 -0.337475,0 -0.429514,0.08439 -0.184078,0.168788 z"
       id="path26601" />
    <path
       d="m 47.079955,33.491114 c -2.024855,0.731414 -3.650875,3.094447 -3.896312,5.570006 -0.122719,1.350305 -0.03068,1.800407 0.73631,3.122581 0.552234,0.956465 1.380583,1.856668 2.208934,2.391165 1.135146,0.731414 1.626021,0.84394 3.650875,0.928333 3.006604,0.112526 4.601945,-0.562627 6.197286,-2.616215 1.012428,-1.294042 1.073788,-1.519093 1.073788,-3.516418 0,-2.250508 -0.368156,-3.150711 -1.840778,-4.613542 -0.460195,-0.450101 -1.196506,-0.84394 -1.656701,-0.900203 -0.429515,-0.02813 -1.411262,-0.140657 -2.178254,-0.253183 -1.68738,-0.253182 -3.712234,0.225052 -4.693983,1.068992 -0.398835,0.337576 -0.490874,0.478233 -0.214757,0.309445 1.472622,-0.956466 5.184857,-1.294043 6.320003,-0.534496 0.368156,0.225051 0.705632,0.365708 0.766991,0.337576 0.09204,-0.02813 0.03068,0.05627 -0.06135,0.168788 -0.122718,0.140657 -0.613593,0.05627 -1.135146,-0.196919 -1.165826,-0.562627 -3.129322,-0.590759 -4.448546,-0.05627 -3.466799,1.350305 -4.540586,6.329555 -1.748739,8.158091 0.582912,0.39384 1.227185,0.843941 1.411263,0.984599 0.184078,0.140656 1.104466,0.337575 2.024856,0.450101 1.288544,0.140656 1.932816,0.08439 2.669127,-0.253183 0.521553,-0.253182 0.951068,-0.393838 0.951068,-0.309444 0,0.08439 0.490875,-0.365708 1.104467,-0.956467 0.88971,-0.900203 1.104467,-1.406567 1.257865,-2.672477 0.214758,-1.969195 0,-2.756873 -1.135147,-3.93839 -0.79767,-0.815809 -0.859029,-0.984597 -0.429514,-1.125254 0.306796,-0.112525 0.705631,0.05627 1.073787,0.450103 0.306796,0.365706 0.705632,0.787677 0.859029,0.956465 0.398836,0.450102 0.797671,2.306771 0.705632,3.488288 -0.09204,1.294041 -1.288544,3.432024 -2.116895,3.825863 -0.398834,0.168789 -0.613592,0.365707 -0.521553,0.450102 0.276117,0.281313 -2.699808,1.068991 -4.049712,1.068991 -3.405438,0 -6.56544,-2.841266 -6.56544,-5.907583 0,-1.85667 1.963496,-4.669805 3.926992,-5.62627 1.196506,-0.562628 1.043108,-0.731416 -0.245437,-0.253182 z m 5.092819,1.631618 c 2.178253,0.900203 3.37476,2.953791 2.883885,4.922985 -0.951068,3.93839 -5.829129,5.148038 -8.774374,2.222378 -1.840778,-1.828538 -1.718059,-4.275966 0.337475,-6.132635 1.74874,-1.631619 3.37476,-1.912932 5.553014,-1.012728 z"
       id="path26603" />
    <path
       d="m 48.399179,36.13546 c -1.165826,0.450101 -1.932816,1.687881 -1.932816,3.12258 0,0.815809 0.245436,1.237779 1.196506,2.109851 0.981747,0.900204 1.411262,1.097123 2.362331,1.097123 2.208933,0 3.773595,-1.406568 3.773595,-3.375762 0,-2.616215 -2.638448,-4.050914 -5.399616,-2.953792 z m 3.528158,0.506365 c 0.82835,0.365707 1.595341,1.575356 1.595341,2.503689 0,0.731415 -0.766991,1.884802 -1.503302,2.334903 -0.766991,0.450102 -2.178254,0.675152 -2.362331,0.365708 -0.09204,-0.140658 -0.398836,-0.19692 -0.644273,-0.112526 -0.521554,0.19692 -1.871458,-1.068991 -2.116895,-1.997326 -0.276117,-0.956466 0.09204,-2.025457 0.981749,-2.756873 1.165826,-0.984597 2.393011,-1.097122 4.049711,-0.337575 z"
       id="path26605" />
    <path
       d="m 52.602289,33.462982 c 0.613592,0.365708 1.012428,0.365708 0.766991,0 -0.09204,-0.168788 -0.429516,-0.281314 -0.705631,-0.281314 -0.460195,0 -0.460195,0.05626 -0.06136,0.281314 z"
       id="path26611" />
    <path
       d="m 69.782882,34.025609 c 0,0.365708 0.153398,0.506364 0.460194,0.393838 0.245438,-0.112524 0.460195,-0.281313 0.460195,-0.393838 0,-0.112525 -0.214757,-0.281313 -0.460195,-0.393839 -0.306796,-0.112526 -0.460194,0.02813 -0.460194,0.393839 z"
       id="path26613" />
    <path
       d="m 71.378222,34.025609 c 0,0.393838 0.06136,0.534496 0.153399,0.337576 0.06135,-0.168788 0.06135,-0.506364 0,-0.703283 -0.09204,-0.168788 -0.153399,-0.02813 -0.153399,0.365707 z"
       id="path26615" />
    <path
       d="m 73.648516,33.884952 c 0.09204,0.225051 -0.03068,0.815809 -0.306797,1.294042 -0.552234,1.040861 -0.582913,1.097123 -0.245437,1.097123 0.153398,0 0.460195,-0.647021 0.736311,-1.406568 0.398835,-1.153385 0.429515,-1.406567 0.06136,-1.406567 -0.245437,0 -0.337476,0.168788 -0.245437,0.42197 z"
       id="path26617" />
    <path
       d="m 74.90638,33.856821 c -0.184078,0.450102 0.06136,0.787678 0.429515,0.562626 0.368156,-0.196919 0.337476,-0.956465 0,-0.956465 -0.153398,0 -0.337476,0.168788 -0.429515,0.393839 z"
       id="path26619" />
    <path
       d="m 76.225604,34.025609 c 0,0.253182 0.214758,0.478232 0.460195,0.478232 0.245437,0 0.460195,-0.22505 0.460195,-0.478232 0,-0.253183 -0.214758,-0.478233 -0.460195,-0.478233 -0.245437,0 -0.460195,0.22505 -0.460195,0.478233 z"
       id="path26621" />
    <path
       d="m 77.759586,34.025609 c 0,0.365708 0.153398,0.562626 0.398835,0.478232 0.184078,-0.05627 0.368156,-0.281313 0.368156,-0.478232 0,-0.196919 -0.184078,-0.421971 -0.368156,-0.506365 -0.245437,-0.05627 -0.398835,0.140658 -0.398835,0.506365 z"
       id="path26623" />
    <path
       d="m 79.170849,33.688032 c -0.06136,0.112526 -0.03068,0.39384 0.122718,0.618891 0.214758,0.309444 0.368156,0.337576 0.644273,0.08439 0.184078,-0.168789 0.245437,-0.450102 0.153398,-0.618891 -0.245437,-0.365707 -0.705632,-0.393838 -0.920389,-0.08439 z"
       id="path26625" />
    <path
       d="m 71.930456,33.997478 c 0,0.450101 0.859029,0.562627 1.043107,0.140656 0.122719,-0.253182 -0.03068,-0.393838 -0.429514,-0.393838 -0.337476,0 -0.613593,0.112525 -0.613593,0.253182 z"
       id="path26627" />
    <path
       d="m 69.782882,35.178994 c 0,0.168788 0.306796,0.393839 0.705632,0.478233 0.674951,0.168788 0.674951,0.168788 -0.09204,0.365708 -0.674953,0.140656 -0.705632,0.19692 -0.214758,0.393838 0.85903,0.337577 1.441943,-0.365707 0.736312,-0.84394 -0.398836,-0.281313 -0.460195,-0.393839 -0.153399,-0.506364 0.214758,-0.08439 0.09204,-0.168788 -0.276116,-0.168788 -0.398836,-0.02813 -0.705632,0.112525 -0.705631,0.281313 z"
       id="path26639" />
    <path
       d="m 71.654339,35.150863 c 0,0.225051 0.122719,0.675152 0.245437,0.984597 0.245438,0.534496 0.245438,0.534496 0.582914,-0.05627 0.460194,-0.787677 0.460194,-1.519092 0,-0.787677 -0.337476,0.534495 -0.337476,0.534495 -0.582914,0 -0.153398,-0.365708 -0.245437,-0.393839 -0.245437,-0.140657 z"
       id="path26641" />
    <path
       d="m 74.078031,35.71349 c 0,0.450101 0.153397,0.843941 0.306795,0.843941 0.184078,0 0.306797,-0.39384 0.306797,-0.843941 0,-0.478233 -0.122719,-0.843941 -0.306797,-0.843941 -0.153398,0 -0.306795,0.365708 -0.306795,0.843941 z"
       id="path26643" />
    <path
       d="m 75.274536,35.263388 c 0.214758,0.225052 0.184078,0.562627 -0.09204,1.068991 -0.245437,0.450102 -0.306796,0.872073 -0.153398,1.097123 0.184078,0.281314 0.276117,0.225051 0.276117,-0.253182 0,-0.337576 0.153398,-0.618889 0.306796,-0.618889 0.184077,0 0.306796,-0.309446 0.306796,-0.703284 0,-0.872072 0.368155,-0.900204 0.766991,-0.08439 0.337476,0.703285 1.104466,0.872073 1.319224,0.281314 0.06135,-0.196919 -0.06136,-0.281314 -0.368156,-0.168788 -0.337476,0.112525 -0.490873,0.02813 -0.490873,-0.309445 0,-0.309445 0.153397,-0.42197 0.460193,-0.309445 0.245438,0.08439 0.460195,0.02813 0.460195,-0.08439 0,-0.140656 -0.705632,-0.253182 -1.564661,-0.253182 -1.196505,-0.02813 -1.472622,0.05626 -1.227185,0.337576 z"
       id="path26645" />
    <path
       d="m 78.710655,35.71349 c 0.03068,0.534495 0.09204,0.759547 0.184077,0.478233 0.153398,-0.506365 0.705632,-0.675153 0.705632,-0.19692 0,0.140657 0.153398,0.281314 0.306796,0.281314 0.184078,0 0.306797,-0.309445 0.306797,-0.703284 0,-0.731415 -0.460195,-0.956466 -0.705632,-0.365707 -0.122719,0.281314 -0.245437,0.253182 -0.490875,-0.05627 -0.245436,-0.337576 -0.306795,-0.19692 -0.306795,0.562627 z"
       id="path26647" />
    <path
       id="path26653"
       style="fill:#000000;stroke:none;stroke-width:0.111034"
       d="m 252.15039,141.78516 c -0.31488,2.59155 0.0822,4.15341 0.23242,6.69726 l 0.34766,6.16797 5.56641,0.31836 c 7.07322,0.4253 8.92773,-0.95776 8.92773,-6.69922 0,-5.9541 -1.97026,-7.3352 -9.27539,-6.69726 -3.24673,0.31895 -5.79883,0.42554 -5.79883,0.21289 -0.0305,-0.16806 0,0.30601 0,0 z m 5.92773,1.02929 c 0.41974,0.002 0.87691,0.0133 1.37696,0.0332 l 4.87109,0.10742 0.34766,5.10351 0.34765,5.10352 -5.5664,-0.32031 c -5.44986,-0.31896 -5.56569,-0.42408 -5.68164,-4.03907 -0.21017,-5.01048 0.24727,-6.00427 4.30468,-5.98828 z"
       transform="scale(0.26458333)"
       sodipodi:nodetypes="ccccscccsccccccs" />
    <path
       d="m 90.123477,36.557431 c -1.227185,0.675151 -1.626021,1.350304 -1.626021,2.813135 0,0.956465 0.184078,1.350304 1.043108,2.137982 0.85903,0.787678 1.288545,0.956466 2.331652,0.956466 1.043107,0 1.472622,-0.168788 2.331651,-0.956466 0.859031,-0.787678 1.043108,-1.153385 1.043108,-2.194246 0,-1.406567 -0.552233,-2.30677 -1.840778,-2.897529 -1.196505,-0.562626 -2.116894,-0.534495 -3.28272,0.140658 z m 3.926993,0.872071 c 0.981748,0.984597 1.104467,1.85667 0.429514,3.066317 -0.582912,1.012729 -1.319224,1.406568 -2.669127,1.406568 -1.288545,0 -2.208934,-0.562627 -2.699808,-1.65975 -1.257864,-2.785003 2.699808,-5.00738 4.939421,-2.813135 z"
       id="path26659" />
    <path
       d="m 90.399594,37.738947 c -0.245438,0.225051 -0.214758,0.478234 0.214757,1.04086 0.306797,0.393839 0.644272,0.928335 0.736311,1.153386 0.122718,0.309444 0.184078,0.253182 0.184078,-0.168789 0.03068,-0.309444 -0.122719,-0.703284 -0.337476,-0.900203 -0.184077,-0.168788 -0.245437,-0.42197 -0.122718,-0.534496 0.122718,-0.112524 0.337475,-0.02813 0.490873,0.19692 0.214758,0.309445 0.337477,0.309445 0.736312,0.02813 0.552233,-0.42197 0.613592,-0.253181 0.184078,0.534496 -0.153398,0.309444 -0.460195,0.815809 -0.613593,1.125253 -0.184078,0.309446 -0.245437,0.562628 -0.122719,0.562628 0.276117,0 1.043107,-0.787678 1.012428,-1.04086 -0.09204,-0.534495 0.06135,-0.928335 0.582913,-1.378436 0.490875,-0.478233 0.490875,-0.506364 0,-0.309445 -0.398835,0.112525 -0.552234,0.02813 -0.552234,-0.309445 0,-0.393839 -0.06135,-0.393839 -0.276115,-0.08439 -0.245438,0.365708 -0.368156,0.365708 -0.828351,0 -0.337476,-0.253183 -0.460195,-0.253183 -0.306796,-0.05627 0.122718,0.225051 0.03068,0.365708 -0.276116,0.365708 -0.276117,0 -0.398836,-0.140657 -0.306797,-0.281314 0.245437,-0.365708 0.06136,-0.365708 -0.398835,0.05627 z"
       id="path26661" />
    <path
       d="m 104.2361,36.529299 c -1.22717,0.703283 -1.62601,1.378436 -1.62601,2.813135 0,0.872072 0.21475,1.378436 0.88971,2.053589 0.79767,0.815809 1.10446,0.928334 2.42369,0.928334 1.81009,0 2.88388,-0.731415 3.4668,-2.30677 0.92039,-2.616217 -2.5771,-4.979249 -5.15419,-3.488288 z m 4.04972,0.928335 c 0.67495,0.731415 0.79767,1.097122 0.67495,1.997326 -0.42952,2.92566 -4.38719,3.54455 -5.61437,0.872071 -0.92039,-1.997326 0.39883,-3.7696 2.76116,-3.7696 1.16583,0 1.47263,0.140656 2.17826,0.900203 z"
       id="path26663" />
    <path
       d="m 105.55534,37.626422 c -0.12272,0.168788 0.092,0.450101 0.4295,0.618889 0.33748,0.168788 0.6136,0.450102 0.6136,0.647021 0,0.19692 0.21475,0.61889 0.49087,0.928335 0.4602,0.506364 0.4602,0.506364 0.27612,-0.309445 -0.21476,-0.984597 -1.50331,-2.30677 -1.81009,-1.8848 z"
       id="path26665" />
    <path
       d="m 104.81902,38.807938 c -0.42951,0.647022 -0.49087,1.406568 -0.092,1.406568 0.1534,0 0.33747,-0.225051 0.42951,-0.506364 0.0614,-0.253182 0.24544,-0.703284 0.36816,-0.984598 0.3068,-0.647021 -0.21476,-0.618889 -0.70563,0.08439 z"
       id="path26667" />
    <path
       d="m 105.83145,39.089252 c -0.092,0.140656 -0.0307,0.281314 0.12272,0.281314 0.18408,0 0.33747,-0.140658 0.33747,-0.281314 0,-0.168788 -0.0614,-0.281314 -0.12272,-0.281314 -0.092,0 -0.24543,0.112526 -0.33747,0.281314 z"
       id="path26669" />
    <path
       d="m 105.24854,40.101981 c -0.27612,0.675152 -0.21476,0.787677 0.24543,0.42197 0.21476,-0.168788 0.64428,-0.253182 0.92039,-0.140657 0.36815,0.140657 0.4602,0.05627 0.3068,-0.281313 -0.24544,-0.590759 -1.22719,-0.590759 -1.47262,0 z"
       id="path26671" />
    <path
       d="m 79.93784,38.132786 c -0.368156,0.42197 -0.644273,0.900204 -0.644273,1.097122 0,0.759547 1.257865,1.828538 2.178254,1.828538 1.012428,0 2.116894,-0.872071 2.116894,-1.65975 0,-0.900203 -1.196505,-1.997326 -2.147573,-1.997326 -0.582914,0 -1.104467,0.253183 -1.503302,0.731416 z m 2.669127,-0.112525 c 0.398836,0.365707 0.490875,1.603487 0.122719,2.08172 -0.766991,1.012729 -2.822526,0.393838 -2.822526,-0.872073 0,-1.26591 1.779419,-2.053588 2.699807,-1.209647 z"
       id="path26685" />
    <path
       d="m 81.011627,38.498493 c -0.79767,0.815809 -0.613593,1.4347 0.398835,1.4347 1.073787,0 1.441943,-0.843941 0.644272,-1.490962 -0.521553,-0.393839 -0.613592,-0.393839 -1.043107,0.05627 z m 0.613593,1.068992 c -0.306797,0.281314 -0.582914,-0.140657 -0.306797,-0.506365 0.184078,-0.309444 0.245437,-0.309444 0.368156,0 0.06136,0.19692 0.03068,0.421971 -0.06135,0.506365 z"
       id="path26687" />
    <path
       d="m 96.934355,42.239963 c -2.607769,1.856669 -1.533981,5.42935 1.748739,5.766927 1.135146,0.112525 1.503296,0.02813 2.331646,-0.618889 1.25787,-0.956467 1.71806,-2.419297 1.16583,-3.657076 -0.92039,-1.997326 -3.497476,-2.756873 -5.246215,-1.490962 z m 4.233795,0.815809 c 0.92039,0.928335 1.0431,1.85667 0.36815,3.066317 -0.55223,0.984598 -1.31923,1.406568 -2.607769,1.406568 -1.288545,0 -2.055535,-0.42197 -2.638448,-1.46283 -0.85903,-1.547225 -0.153399,-3.178843 1.718059,-3.853995 1.104466,-0.365707 2.178248,-0.08439 3.160008,0.84394 z"
       id="path26709" />
    <path
       d="m 97.547947,43.308954 c 0.153399,0.225051 0.245437,0.872072 0.184078,1.406568 -0.06135,1.068991 0.276117,1.490962 1.411263,1.772275 0.429515,0.08439 0.644273,0.02813 0.613593,-0.196919 -0.03068,-0.168789 0.09204,-0.281314 0.245439,-0.253183 0.49087,0.05627 0.18407,-1.941063 -0.368158,-2.50369 -0.337476,-0.337576 -0.613593,-0.42197 -1.012427,-0.225051 -0.337476,0.168789 -0.644273,0.140657 -0.920389,-0.08439 -0.306797,-0.281314 -0.337477,-0.253182 -0.153399,0.08439 z m 2.178254,1.46283 c 0.03068,0.421971 -0.122718,0.900203 -0.368155,1.097123 -0.674952,0.506365 -1.288545,-0.112526 -1.104467,-1.153385 0.09204,-0.675153 0.276117,-0.843941 0.76699,-0.787677 0.398836,0.05627 0.644273,0.337575 0.705632,0.843939 z"
       id="path26711" />
    <path
       d="m 98.621735,44.434208 c 0,0.140658 0.153397,0.281314 0.306796,0.281314 0.184077,0 0.306796,-0.140656 0.306796,-0.281314 0,-0.168788 -0.122719,-0.281313 -0.306796,-0.281313 -0.153399,0 -0.306796,0.112525 -0.306796,0.281313 z"
       id="path26713" />
    <path
       d="m 98.621735,45.278149 c 0,0.140657 0.153397,0.281314 0.306796,0.281314 0.184077,0 0.306796,-0.140657 0.306796,-0.281314 0,-0.168788 -0.122719,-0.281313 -0.306796,-0.281313 -0.153399,0 -0.306796,0.112525 -0.306796,0.281313 z"
       id="path26715" />
    <path
       d="m 58.707536,44.743654 c -0.184078,0.337576 -0.276117,1.26591 -0.214758,2.10985 l 0.153398,1.490962 -2.178254,0.08439 -2.178253,0.08439 -0.09204,2.166114 -0.09204,2.194245 0.859029,0.05627 c 0.460195,0.02813 1.472623,0.05627 2.208934,0.05627 l 1.380583,0.02813 -0.09204,1.462829 c -0.03068,0.787678 0.09204,1.716013 0.276116,2.053589 0.306796,0.534496 0.582913,0.590758 2.546409,0.506364 l 2.208934,-0.08439 0.09204,-1.969194 0.09204,-1.997326 1.902137,0.112526 c 2.485051,0.140656 2.730487,-0.112526 2.607769,-2.672479 l -0.09204,-1.912932 -2.208934,-0.08439 -2.208934,-0.08439 -0.09204,-2.025457 -0.09204,-2.025457 -2.208934,-0.08439 c -1.994176,-0.08439 -2.239613,-0.02813 -2.577088,0.534496 z m 3.957672,0.365707 c -0.06136,0.140657 -0.82835,0.281314 -1.68738,0.337576 -1.257865,0.02813 -1.626021,-0.02813 -1.626021,-0.365707 0,-0.309446 0.368156,-0.365708 1.68738,-0.309446 0.920389,0.05627 1.6567,0.19692 1.626021,0.337577 z m 0.337476,2.053588 -0.09204,1.631619 2.208933,0.08439 c 1.227186,0.05627 2.208934,0.196919 2.208934,0.337576 0,0.365707 -3.865633,0.365707 -4.632625,0 -0.306796,-0.168788 -0.582913,-0.225051 -0.582913,-0.112525 0,0.365708 1.073788,0.928334 1.779419,0.956465 0.490874,0 0.674952,0.140658 0.613593,0.450102 -0.06136,0.253182 0.153398,0.590759 0.429515,0.787677 0.705631,0.39384 1.748738,-0.450101 1.257864,-1.012727 -0.276116,-0.281314 -0.153398,-0.365708 0.490874,-0.421971 0.797671,-0.05626 0.85903,0 0.82835,1.26591 l -0.03068,1.294043 -1.503302,0.08439 c -0.828351,0.05627 -1.68738,-0.05627 -1.902137,-0.22505 -0.337477,-0.253183 -0.429516,-0.225052 -0.429516,0.05626 0,0.337576 -0.06136,0.337576 -0.276115,0 -0.429515,-0.61889 -0.552234,-0.02813 -0.521554,2.166114 l 0.06136,2.053589 -1.840778,-0.08439 -1.810099,-0.08439 0.06136,-2.194245 c 0.03068,-1.378436 -0.06136,-2.166114 -0.245437,-2.166114 -0.184078,0 -0.337476,0.168789 -0.337476,0.337577 0,0.253181 -0.122718,0.22505 -0.306796,-0.05627 -0.276117,-0.365707 -0.306797,-0.365707 -0.306797,0 0,0.365708 -0.03068,0.365708 -0.306796,0 -0.245437,-0.337576 -0.368156,-0.365707 -0.582912,-0.05626 -0.153399,0.22505 -0.674953,0.337576 -1.288546,0.281313 L 54.90326,52.451642 V 50.763761 49.07588 l 2.270293,-0.08439 2.239613,-0.08439 -0.122719,-1.519092 c -0.122719,-1.462831 -0.09204,-1.547225 0.582913,-1.547225 0.582913,0 0.674952,0.112525 0.552234,0.647021 -0.276117,0.956466 0.552233,1.547224 1.257865,0.900204 0.429514,-0.39384 0.460194,-0.590759 0.184078,-0.984598 -0.306797,-0.450102 -0.245437,-0.534496 0.337475,-0.647022 0.368156,-0.05627 0.705632,-0.140656 0.766991,-0.168788 0.06135,0 0.06135,0.703285 0.03068,1.575356 z m -1.503302,-0.309445 c 0,0.225051 -0.214758,0.393839 -0.460195,0.393839 -0.521554,0 -0.552234,-0.05627 -0.276117,-0.675151 0.214758,-0.506365 0.736312,-0.337577 0.736312,0.281312 z m 4.264468,4.079046 c -0.674952,0.393839 -0.889709,0.309445 -0.889709,-0.309444 0,-0.506365 0.09204,-0.534496 0.644272,-0.253182 0.521554,0.253182 0.582914,0.365707 0.245437,0.562626 z"
       id="path26735" />
    <path
       d="m 59.566565,49.019619 c -0.153398,0.393838 -0.582913,0.478232 -2.208934,0.478232 -1.257865,0 -1.994175,0.112526 -1.994175,0.309445 0,0.168788 0.214757,0.225051 0.490873,0.140657 0.429515,-0.168788 0.460195,-0.112525 0.122719,0.253183 -0.552233,0.618889 0.276117,1.406567 1.196506,1.125253 0.644272,-0.168788 0.920389,-0.984597 0.337475,-0.984597 -0.153398,0 -0.306795,0.19692 -0.306795,0.450102 0,0.478233 -0.644273,0.421969 -0.828351,-0.08439 -0.122718,-0.281314 1.104467,-0.675153 2.454371,-0.787678 0.705631,-0.05627 1.227185,-0.562627 1.073787,-1.012729 -0.09204,-0.253182 -0.184078,-0.225051 -0.337476,0.112526 z"
       id="path26737" />
    <path
       d="m 64.505986,52.226592 c 0.214757,0.08439 0.490874,0.05627 0.582912,-0.02813 0.122719,-0.08439 -0.06136,-0.168789 -0.398834,-0.140658 -0.337477,0 -0.429516,0.08439 -0.184078,0.168788 z"
       id="path26739" />
    <path
       d="m 60.82443,53.83008 c -1.043108,0.703283 -0.368156,1.828537 0.82835,1.406567 0.582913,-0.22505 0.582913,-0.928335 0,-1.125255 -0.245437,-0.112524 -0.368156,-0.281312 -0.276117,-0.421969 0.214758,-0.337576 0.06136,-0.309445 -0.552233,0.140657 z m 0.766991,0.872071 c -0.184078,0.478234 -0.766991,0.42197 -0.951069,-0.08439 -0.06136,-0.196919 0.153398,-0.337576 0.521554,-0.337576 0.429515,0 0.582913,0.140657 0.429515,0.421969 z"
       id="path26741" />
    <path
       d="m 84.723862,44.602996 c -1.871457,0.534496 -4.019032,2.447428 -4.479226,3.93839 -0.613593,2.025457 -0.337476,4.472885 0.582913,5.373088 0.276117,0.309444 0.674952,0.787677 0.85903,1.097123 0.184078,0.309444 1.135146,0.928333 2.086214,1.350304 1.595341,0.703284 1.994176,0.787678 3.773595,0.61889 1.073787,-0.08439 2.055535,-0.253182 2.147574,-0.365708 0.09204,-0.140657 0.582913,-0.42197 1.073787,-0.647021 2.116894,-1.012729 3.620196,-4.135308 3.129323,-6.526473 -0.736312,-3.628944 -5.215538,-5.991978 -9.17321,-4.838593 z m 3.681555,0.337576 c 0.184078,0.112526 -0.521553,0.19692 -1.533981,0.19692 -1.71806,0.02813 -3.558837,0.534495 -3.190682,0.900203 0.09204,0.05627 0.490875,-0.02813 0.88971,-0.22505 0.368156,-0.19692 1.779419,-0.365708 3.098643,-0.42197 2.362331,-0.02813 2.362331,-0.02813 3.742914,1.068991 2.147575,1.744144 2.638449,4.107177 1.441943,6.976575 -0.306796,0.731415 -2.270292,2.531821 -2.761167,2.531821 -0.153398,0 -0.73631,0.19692 -1.288544,0.450102 -2.178254,1.012728 -5.890489,-0.253182 -7.424471,-2.531822 -1.073786,-1.575356 -1.227185,-2.363033 -0.82835,-4.275965 0.368156,-1.772275 0.766991,-2.475559 1.288545,-2.166114 0.184077,0.112526 0.214757,0.02813 0.06136,-0.168788 -0.368156,-0.562627 1.319223,-1.772276 3.19068,-2.306771 1.043108,-0.281314 2.853207,-0.309444 3.3134,-0.02813 z"
       id="path26743" />
    <path
       d="m 84.355707,46.375272 c -2.577089,1.46283 -3.528158,3.516418 -2.730487,5.879452 0.490873,1.575356 2.239612,3.038185 3.896312,3.319499 1.533982,0.225051 3.773595,-0.08439 4.325828,-0.61889 0.245437,-0.22505 0.521554,-0.393838 0.644273,-0.393838 0.368155,0 1.288544,-1.012729 1.6567,-1.884801 0.552232,-1.265911 0.490874,-3.291367 -0.184078,-4.304096 -0.306797,-0.478233 -1.165826,-1.265911 -1.902137,-1.716012 -1.68738,-1.012729 -4.20311,-1.153387 -5.706411,-0.281314 z m 4.571264,0.140656 c 3.436119,1.322174 4.17243,5.344957 1.349904,7.623596 -2.239613,1.800406 -4.816702,1.687882 -6.902916,-0.281314 -0.951069,-0.928333 -1.319225,-1.547224 -1.472622,-2.475558 -0.582914,-3.488287 3.405438,-6.273291 7.025634,-4.866724 z"
       id="path26747" />
    <path
       d="m 85.552212,47.359869 c -3.190682,1.294042 -2.914565,5.457482 0.429515,6.385817 3.282721,0.900203 6.074567,-2.953792 3.865633,-5.344958 -0.429514,-0.478232 -1.288544,-0.984597 -1.902136,-1.153385 -1.380585,-0.337576 -1.227186,-0.337576 -2.393012,0.112526 z m 3.742915,1.040859 c 0.981748,0.843941 1.227185,2.194246 0.613592,3.291369 -1.257864,2.222377 -3.742914,2.334901 -5.76777,0.253182 -1.104466,-1.153385 -0.306797,-3.488287 1.411263,-4.16344 1.012427,-0.393838 2.945244,-0.08439 3.742915,0.618889 z"
       id="path26749" />
    <path
       d="m 82.975123,60.637867 c 0,0.309444 -0.153398,0.393838 -0.521554,0.253182 -0.644271,-0.225052 -0.674951,-0.225052 -1.380583,-0.168788 -0.306797,0 -0.552234,0.140656 -0.552234,0.309444 0,0.168788 0.88971,0.281313 2.024856,0.281313 1.196506,0 1.932817,-0.112525 1.810099,-0.281313 -0.09204,-0.140656 -0.398836,-0.168788 -0.674953,-0.08439 -0.368155,0.140657 -0.460194,0.05627 -0.306795,-0.281314 0.09204,-0.253182 0.06136,-0.478232 -0.09204,-0.478232 -0.184078,0 -0.306797,0.196919 -0.306797,0.450102 z"
       id="path26799" />
    <path
       d="m 61.499382,61.059836 c 2.822526,0.253182 8.2835,0.281314 8.2835,0.02813 0,-0.112526 -2.300972,-0.196919 -5.154178,-0.196919 -3.436119,-0.02813 -4.479226,0.02813 -3.129322,0.168787 z"
       id="path26803" />
    <path
       d="m 70.396475,61.087968 c 0,0.281314 9.142529,0.253182 9.357287,-0.05627 0.09204,-0.140656 -1.840778,-0.22505 -4.601945,-0.22505 -2.607768,0.02813 -4.755342,0.140656 -4.755342,0.281313 z"
       id="path26805" />
    <path
       d="m 85.214736,61.228624 c 0.276117,0.05627 0.766991,0.05627 1.073788,0 0.276115,-0.08439 0.03068,-0.140656 -0.552234,-0.140656 -0.582914,0 -0.82835,0.05627 -0.521554,0.140656 z"
       id="path26809" />
    <path
       d="m 51.068308,62.691455 c 0,0.168788 0.122718,0.365707 0.306795,0.450101 0.184078,0.08439 0.214758,-0.02813 0.122719,-0.253182 -0.214758,-0.506365 -0.429514,-0.590758 -0.429514,-0.196919 z"
       id="path26811" />
    <path
       d="m 33.274121,76.222634 c 0,0.140657 0.153399,0.281314 0.337477,0.281314 0.153398,0 0.214757,-0.140657 0.122718,-0.281314 -0.09204,-0.168788 -0.245437,-0.281313 -0.337476,-0.281313 -0.06135,0 -0.122719,0.112525 -0.122719,0.281313 z"
       id="path26815" />

</g></svg>