<?xml version="1.0" encoding="UTF-8" standalone="no"?>
<!-- Created with Inkscape (http://www.inkscape.org/) -->

<svg
   viewBox="0 0 150.00001 100"
   version="1.1"
   id="svg5"
   sodipodi:docname="Wii.svg"
   inkscape:version="1.1.1 (c3084ef, 2021-09-22)"
   xmlns:inkscape="http://www.inkscape.org/namespaces/inkscape"
   xmlns:sodipodi="http://sodipodi.sourceforge.net/DTD/sodipodi-0.dtd"
   xmlns="http://www.w3.org/2000/svg"
   xmlns:svg="http://www.w3.org/2000/svg">
  <g
     inkscape:label="Layer 1"
     inkscape:groupmode="layer"
     id="layer1"
     style="fill:#000000;stroke:#000000;stroke-width:0.5" >
    <path
       d="m 68.478984,2.3951985 c -2.08523,1.2989954 -1.982677,-0.9571545 -1.982677,47.0373075 0,28.988109 0.136736,44.268397 0.34184,45.088815 0.205105,0.683682 0.75205,1.572468 1.264812,1.982677 0.820418,0.649498 1.333179,0.683682 10.152674,0.683682 10.152675,0 10.255227,-0.03418 11.314934,-2.051045 0.444393,-0.854603 0.512762,-6.700082 0.512762,-45.601576 0,-28.133506 -0.136737,-44.9178946 -0.341841,-45.4648401 C 89.570567,3.5916417 88.92107,2.8737758 88.305756,2.4977508 87.246049,1.8482531 86.562367,1.814069 78.289818,1.814069 c -7.759789,0.034184 -9.0246,0.1025523 -9.810834,0.5811295 z m 19.211458,0.2734728 c 0.546946,0.2734727 1.162259,0.8204181 1.367364,1.162259 0.478577,0.9229704 0.478577,91.1005997 0,90.7929427 -0.170921,-0.102552 -0.341841,-0.03418 -0.341841,0.136737 0,0.205104 -0.307657,0.683682 -0.683682,1.059707 -0.649498,0.649497 -1.128075,0.683681 -9.913386,0.683681 h -9.263888 l -0.820418,-0.888786 -0.854603,-0.92297 V 49.603427 4.480428 l 1.162259,-1.162259 1.162259,-1.1622591 h 8.580207 c 7.007738,0 8.785311,0.1025523 9.605729,0.5127614 z"
       id="path32459" />
    <path
       d="m 81.810779,2.7370394 c 0.239288,0.1025523 0.546945,0.068368 0.649498,-0.034184 0.136736,-0.1025522 -0.06837,-0.2051045 -0.444394,-0.1709204 -0.376025,0 -0.478577,0.1025523 -0.205104,0.2051044 z"
       id="path32461" />
    <path
       d="m 84.887347,2.7370394 c 0.205104,0.068368 0.615314,0.068368 0.854602,0 0.205105,-0.1025522 0.03418,-0.1709204 -0.444393,-0.1709204 -0.478577,0 -0.649498,0.068368 -0.410209,0.1709204 z"
       id="path32463" />
    <path
       d="m 68.684088,3.3865371 c -0.615313,0.4785773 -0.615313,0.4785773 0.205105,0.1025523 1.059707,-0.4785773 1.230627,-0.6494977 0.820418,-0.6494977 -0.205105,0 -0.649498,0.2392886 -1.025523,0.5469454 z"
       id="path32465" />
    <path
       d="m 71.418815,4.3095076 c -0.888786,0.4785772 -1.162259,0.9229704 -1.162259,1.9826772 0,1.7775727 2.358703,2.7005431 3.520962,1.4015477 1.5041,-1.6408363 -0.444394,-4.4439317 -2.358703,-3.3842249 z m 2.051046,0.8887863 c 1.264811,1.4015477 -0.478577,3.3158567 -2.051046,2.25615 -0.957154,-0.6153137 -1.059706,-1.4015477 -0.239288,-2.2903341 0.717866,-0.786234 1.538284,-0.786234 2.290334,0.034184 z"
       id="path32467" />
    <path
       d="m 71.692288,5.5401348 c -0.786234,0.4785773 -0.341841,1.5724681 0.615314,1.5724681 0.546945,0 0.888786,-0.2051045 0.957154,-0.6494977 0.102553,-0.5469454 -0.410209,-1.2306272 -0.957154,-1.2306272 -0.102552,0 -0.376025,0.1367364 -0.615314,0.3076568 z m 1.196443,0.8887863 c -0.06837,0.1709205 -0.341841,0.341841 -0.581129,0.341841 -0.239289,0 -0.512762,-0.1709205 -0.58113,-0.341841 -0.06837,-0.2051045 0.205105,-0.3760249 0.58113,-0.3760249 0.376025,0 0.649498,0.1709204 0.581129,0.3760249 z"
       id="path32469" />
    <path
       d="m 69.743795,9.2662006 c -0.102552,0.1025523 -0.17092,0.4102091 -0.17092,0.6836818 0,0.4102086 0.102552,0.4102086 0.512761,0.068369 0.273473,-0.2392886 0.512761,-0.2734727 0.512761,-0.1025523 0,0.4102083 2.83728,0.3760243 3.144937,-0.068368 0.17092,-0.2051046 0.273472,-0.1709205 0.273472,0.068368 0,0.2392883 0.170921,0.4443923 0.341841,0.4443923 0.205105,0 0.341841,-0.239288 0.341841,-0.5469445 0,-0.4102091 -0.341841,-0.5127614 -1.435732,-0.4785773 -0.820418,0.034184 -1.538284,0.034184 -1.640836,0 -0.478577,-0.1709204 -1.743389,-0.2051045 -1.880125,-0.068369 z"
       id="path32471" />
    <path
       d="m 76.238772,12.035112 c -0.102552,0.376025 -0.102552,1.230627 0,1.880125 l 0.239289,1.196443 -1.982677,0.102552 -2.016862,0.102553 v 2.051045 2.051045 l 1.777573,0.102553 1.777573,0.102552 0.102552,1.777573 0.102552,1.777572 h 2.051046 2.051045 l 0.102552,-1.811757 0.102552,-1.777572 h 1.640837 c 1.914309,0 2.42707,-0.410209 2.42707,-1.982677 0,-1.948494 -0.478577,-2.461255 -2.392886,-2.461255 H 80.545967 L 80.443415,13.334107 80.340863,11.556535 78.39237,11.453982 c -1.675021,-0.102552 -1.948493,0 -2.153598,0.58113 z m 3.657698,1.640836 0.102552,1.982677 1.982677,0.102553 1.948493,0.102552 v 1.5041 1.5041 l -1.948493,0.102552 -1.982677,0.102552 -0.102552,1.948494 -0.102552,1.982677 h -1.5041 -1.5041 L 76.683165,21.025528 76.580613,19.077034 74.63212,18.974482 72.717811,18.87193 v -1.5041 l 0.03418,-1.5041 1.914309,-0.102552 1.914309,-0.102553 0.102552,-1.982677 0.102553,-1.948493 h 1.5041 1.5041 z"
       id="path32473" />
    <path
       d="m 78.221449,13.949421 c 0,0.75205 0.06837,1.025523 0.136737,0.581129 0.06837,-0.410209 0.06837,-1.025522 0,-1.367363 -0.102553,-0.307657 -0.170921,0.03418 -0.136737,0.786234 z"
       id="path32475" />
    <path
       d="m 80.64852,17.265278 c -0.102553,0.136736 0.410209,0.273472 1.093891,0.273472 0.717866,0 1.162259,-0.102552 1.059706,-0.239288 -0.34184,-0.307657 -1.982677,-0.341841 -2.153597,-0.03418 z"
       id="path32477" />
    <path
       d="m 74.290279,17.436198 c 0.410209,0.06837 1.025523,0.06837 1.367364,0 0.307656,-0.102552 -0.03418,-0.17092 -0.786234,-0.136736 -0.75205,0 -1.025523,0.06837 -0.58113,0.136736 z"
       id="path32479" />
    <path
       d="m 78.221449,20.786239 c 0,0.75205 0.06837,1.025523 0.136737,0.581129 0.06837,-0.410209 0.06837,-1.025522 0,-1.367363 -0.102553,-0.307657 -0.170921,0.03418 -0.136737,0.786234 z"
       id="path32481" />
    <path
       d="m 76.478061,28.238371 c -2.495439,1.401547 -2.495439,5.298534 0,6.597529 1.333179,0.683682 3.896986,0.649498 4.170459,-0.06837 0.136736,-0.307657 0.307657,-0.478577 0.444393,-0.376025 0.205104,0.239288 1.469916,-1.914309 1.469916,-2.529623 0,-0.205104 -0.273473,-0.92297 -0.58113,-1.572468 C 80.990361,28.17 78.39237,27.212846 76.478061,28.238369 Z m 3.213304,0.410209 c 1.367364,0.546945 2.324518,2.392886 1.982677,3.76025 -0.273472,1.128075 -2.016861,2.563806 -3.076568,2.563806 -3.486777,0 -4.819956,-4.785772 -1.743388,-6.289872 1.367363,-0.649498 1.367363,-0.649498 2.837279,-0.03418 z"
       id="path32483" />
    <path
       d="m 79.657181,30.186864 c -0.102552,0.205104 0.03418,0.239288 0.307657,0.136736 0.615314,-0.239289 0.717866,-0.478577 0.239289,-0.478577 -0.205105,0 -0.444394,0.136736 -0.546946,0.341841 z"
       id="path32485" />
    <path
       d="m 78.289818,30.802177 c 0.136736,0.512762 0.102552,0.75205 -0.170921,0.683682 -0.239289,-0.06837 -0.478577,0.03418 -0.546945,0.239289 -0.06837,0.17092 0.239288,0.341841 0.717866,0.341841 0.991338,0 1.059706,-0.376025 0.307656,-1.367364 -0.546945,-0.683682 -0.546945,-0.683682 -0.307656,0.102552 z"
       id="path32487" />
    <path
       d="m 76.478061,32.648118 c -0.478577,0.478577 -0.546946,0.957155 -0.102552,0.957155 0.307656,0 0.820418,-1.025523 0.615313,-1.230628 -0.06837,-0.06837 -0.307657,0.06837 -0.512761,0.273473 z"
       id="path32489" />
    <path
       d="m 70.598397,45.911545 c -1.025522,1.025523 -0.820418,2.700543 0.410209,3.384225 0.854603,0.478577 0.991339,0.478577 1.880125,-0.17092 1.162259,-0.888787 1.367364,-1.845941 0.546946,-2.768912 -0.957155,-1.128075 -2.016862,-1.264811 -2.83728,-0.444393 z m 2.392887,0.478577 c 0.512761,0.649498 0.307656,1.914309 -0.410209,2.358703 -0.888787,0.581129 -2.324519,-0.239289 -2.324519,-1.264812 0,-1.367363 1.880125,-2.085229 2.734728,-1.093891 z"
       id="path32491" />
    <path
       d="m 71.384631,47.518197 c 0.307657,0.06837 0.786234,0.06837 1.025523,0 0.205105,-0.102552 -0.03418,-0.17092 -0.615314,-0.17092 -0.546945,0 -0.75205,0.06837 -0.410209,0.17092 z"
       id="path32493" />
    <path
       d="m 76.88827,46.082466 c -0.615314,0.615313 -0.786234,1.059706 -0.649498,1.640836 0.273473,0.888786 1.401548,1.948493 2.119414,1.948493 0.649497,0 2.153597,-1.538284 2.153597,-2.221966 0,-0.307657 -0.376025,-0.92297 -0.854602,-1.367363 -1.059707,-1.093891 -1.709204,-1.059707 -2.768911,0 z m 2.529623,0.239288 c 0.239288,0.239289 0.410209,0.717866 0.410209,1.128075 0,0.410209 -0.170921,0.888786 -0.410209,1.128075 -0.239289,0.239289 -0.717866,0.410209 -1.128075,0.410209 -0.41021,0 -0.888787,-0.17092 -1.128075,-0.410209 -0.239289,-0.239289 -0.41021,-0.717866 -0.41021,-1.128075 0,-0.410209 0.170921,-0.888786 0.41021,-1.128075 0.239288,-0.239288 0.717865,-0.410209 1.128075,-0.410209 0.410209,0 0.888786,0.170921 1.128075,0.410209 z"
       id="path32495" />
    <path
       d="m 77.674504,46.800331 c -0.136736,0.136737 -0.239289,0.546946 -0.239289,0.888787 0,0.444393 0.239289,0.615313 0.888787,0.615313 0.717866,0 0.854602,-0.136736 0.75205,-0.75205 -0.102553,-0.786234 -0.922971,-1.196443 -1.401548,-0.75205 z m 0.957154,0.820419 c 0.102553,0.17092 0.06837,0.34184 -0.136736,0.34184 -0.17092,0 -0.444393,-0.17092 -0.546945,-0.34184 -0.102553,-0.205105 -0.06837,-0.341841 0.136736,-0.341841 0.17092,0 0.444393,0.136736 0.546945,0.341841 z"
       id="path32497" />
    <path
       d="m 83.041406,46.424306 c -0.717866,1.093891 -0.239289,2.358703 1.093891,2.974016 1.025523,0.478578 1.777573,0.136737 2.495439,-1.162259 1.196443,-2.119413 -2.25615,-3.828618 -3.58933,-1.811757 z m 2.871464,-0.102552 c 0.239288,0.239289 0.410209,0.717866 0.410209,1.128075 0,0.410209 -0.170921,0.888786 -0.410209,1.128075 -0.239289,0.239289 -0.717866,0.410209 -1.128075,0.410209 -0.410209,0 -0.888787,-0.17092 -1.128075,-0.410209 -0.239289,-0.239289 -0.410209,-0.717866 -0.410209,-1.128075 0,-0.410209 0.17092,-0.888786 0.410209,-1.128075 0.239288,-0.239288 0.717866,-0.410209 1.128075,-0.410209 0.410209,0 0.888786,0.170921 1.128075,0.410209 z"
       id="path32499" />
    <path
       d="m 84.40877,47.073804 c -0.273473,0.273473 -0.239289,0.512762 0,0.75205 0.273472,0.273473 0.512761,0.239289 0.75205,0 0.273472,-0.273473 0.239288,-0.512761 0,-0.75205 -0.273473,-0.273473 -0.512762,-0.239288 -0.75205,0 z"
       id="path32501" />
    <path
       d="m 76.409693,55.141249 c 0,0.170921 0.17092,0.341841 0.34184,0.341841 0.205105,0 0.341841,-0.17092 0.341841,-0.341841 0,-0.205104 -0.136736,-0.341841 -0.341841,-0.341841 -0.17092,0 -0.34184,0.136737 -0.34184,0.341841 z"
       id="path32507" />
    <path
       d="m 77.777056,55.141249 c 0,0.170921 0.170921,0.341841 0.341841,0.341841 0.205105,0 0.341841,-0.17092 0.341841,-0.341841 0,-0.205104 -0.136736,-0.341841 -0.341841,-0.341841 -0.17092,0 -0.341841,0.136737 -0.341841,0.341841 z"
       id="path32509" />
    <path
       d="m 79.486261,55.141249 c 0,0.170921 0.17092,0.341841 0.341841,0.341841 0.205104,0 0.341841,-0.17092 0.341841,-0.341841 0,-0.205104 -0.136737,-0.341841 -0.341841,-0.341841 -0.170921,0 -0.341841,0.136737 -0.341841,0.341841 z"
       id="path32511" />
    <path
       d="m 76.409693,56.850454 c 0,0.17092 0.17092,0.341841 0.34184,0.341841 0.205105,0 0.341841,-0.170921 0.341841,-0.341841 0,-0.205105 -0.136736,-0.341841 -0.341841,-0.341841 -0.17092,0 -0.34184,0.136736 -0.34184,0.341841 z"
       id="path32513" />
    <path
       d="m 77.777056,56.850454 c 0,0.17092 0.239289,0.341841 0.512762,0.341841 0.273472,0 0.512761,-0.170921 0.512761,-0.341841 0,-0.205105 -0.239289,-0.341841 -0.512761,-0.341841 -0.273473,0 -0.512762,0.136736 -0.512762,0.341841 z"
       id="path32515" />
    <path
       d="m 79.486261,56.850454 c 0,0.17092 0.136736,0.341841 0.307657,0.341841 0.205104,0 0.444393,-0.170921 0.546945,-0.341841 0.102552,-0.205105 -0.03418,-0.341841 -0.307657,-0.341841 -0.307657,0 -0.546945,0.136736 -0.546945,0.341841 z"
       id="path32517" />
    <path
       d="m 76.238772,58.559658 c -0.102552,0.170921 0.03418,0.341841 0.307657,0.341841 0.307657,0 0.546945,-0.17092 0.546945,-0.341841 0,-0.205104 -0.136736,-0.34184 -0.307656,-0.34184 -0.205105,0 -0.444394,0.136736 -0.546946,0.34184 z"
       id="path32521" />
    <path
       d="m 77.777056,58.559658 c 0,0.170921 0.239289,0.341841 0.512762,0.341841 0.273472,0 0.512761,-0.17092 0.512761,-0.341841 0,-0.205104 -0.239289,-0.34184 -0.512761,-0.34184 -0.273473,0 -0.512762,0.136736 -0.512762,0.34184 z"
       id="path32523" />
    <path
       d="m 79.486261,58.559658 c 0,0.170921 0.239288,0.341841 0.512761,0.341841 0.273473,0 0.512761,-0.17092 0.512761,-0.341841 0,-0.205104 -0.239288,-0.34184 -0.512761,-0.34184 -0.273473,0 -0.512761,0.136736 -0.512761,0.34184 z"
       id="path32525" />
    <path
       d="m 76.238772,60.234679 c -0.205104,0.376025 0.307657,0.786234 0.649498,0.478577 0.307657,-0.307657 0.239288,-0.786234 -0.102552,-0.786234 -0.205105,0 -0.410209,0.136736 -0.546946,0.307657 z"
       id="path32527" />
    <path
       d="m 77.845424,60.303047 c 0.06837,0.205105 0.273473,0.341841 0.444394,0.341841 0.17092,0 0.376025,-0.136736 0.444393,-0.341841 0.06837,-0.205105 -0.136737,-0.376025 -0.444393,-0.376025 -0.307657,0 -0.512762,0.17092 -0.444394,0.376025 z"
       id="path32529" />
    <path
       d="m 79.486261,60.473967 c 0,0.58113 0.75205,0.478578 0.957154,-0.136736 0.06837,-0.239289 -0.102552,-0.410209 -0.410209,-0.410209 -0.307657,0 -0.546945,0.239289 -0.546945,0.546945 z"
       id="path32531" />
    <path
       d="m 76.238772,61.943883 c -0.205104,0.376025 0.307657,0.786234 0.649498,0.478578 0.307657,-0.307657 0.239288,-0.786235 -0.102552,-0.786235 -0.205105,0 -0.410209,0.136737 -0.546946,0.307657 z"
       id="path32533" />
    <path
       d="m 77.845424,61.943883 c 0.136737,0.444393 0.615314,0.546946 0.649498,0.136737 0,-0.136737 -0.17092,-0.307657 -0.376025,-0.410209 -0.239289,-0.06837 -0.376025,0.06837 -0.273473,0.273472 z"
       id="path32535" />
    <path
       d="m 79.554629,61.943883 c 0.136736,0.444393 0.615314,0.546946 0.649498,0.136737 0,-0.136737 -0.170921,-0.307657 -0.376025,-0.410209 -0.239289,-0.06837 -0.376025,0.06837 -0.273473,0.273472 z"
       id="path32537" />
    <path
       d="m 76.409693,63.687272 c 0,0.17092 0.17092,0.341841 0.34184,0.341841 0.205105,0 0.341841,-0.170921 0.341841,-0.341841 0,-0.205105 -0.136736,-0.341841 -0.341841,-0.341841 -0.17092,0 -0.34184,0.136736 -0.34184,0.341841 z"
       id="path32539" />
    <path
       d="m 77.947977,63.687272 c -0.102553,0.17092 -0.03418,0.341841 0.136736,0.341841 0.205105,0 0.376025,-0.170921 0.376025,-0.341841 0,-0.205105 -0.06837,-0.341841 -0.136736,-0.341841 -0.102553,0 -0.273473,0.136736 -0.376025,0.341841 z"
       id="path32541" />
    <path
       d="m 79.486261,63.687272 c 0,0.17092 0.17092,0.341841 0.341841,0.341841 0.205104,0 0.341841,-0.170921 0.341841,-0.341841 0,-0.205105 -0.136737,-0.341841 -0.341841,-0.341841 -0.170921,0 -0.341841,0.136736 -0.341841,0.341841 z"
       id="path32543" />
    <path
       d="m 77.195927,69.498567 c -0.683682,0.273473 -1.811757,1.948493 -1.811757,2.700543 0,0.170921 0.410209,0.820418 0.92297,1.401548 0.922971,1.128075 0.957155,1.128075 4.102091,0.615314 0.205105,-0.03418 0.307657,-0.239289 0.205105,-0.478578 -0.06837,-0.205104 0,-0.512761 0.205104,-0.649497 0.615314,-0.376025 0.410209,-1.640837 -0.410209,-2.632175 -0.854602,-1.059707 -2.085229,-1.435732 -3.213304,-0.957155 z m 2.700543,0.922971 c 0.92297,0.820418 0.820418,2.632175 -0.239289,3.315856 -0.444393,0.307657 -1.128075,0.546946 -1.469916,0.546946 -0.92297,0 -2.119413,-1.264812 -2.119413,-2.221966 0,-1.845941 2.461254,-2.905648 3.828618,-1.640836 z"
       id="path32547" />
    <path
       d="m 77.81124,71.44706 c 0,0.170921 0.136737,0.58113 0.307657,0.957155 0.273473,0.615313 0.307657,0.581129 0.307657,-0.273473 0.03418,-0.512761 -0.102552,-0.92297 -0.307657,-0.92297 -0.17092,0 -0.341841,0.102552 -0.307657,0.239288 z"
       id="path32549" />
    <path
       d="m 76.546429,78.488983 c -1.845941,1.606652 -0.615314,4.717404 1.845941,4.68322 1.025523,-0.03418 1.709204,-0.478577 2.529622,-1.67502 0.546946,-0.75205 0.546946,-0.888787 0.03418,-1.880125 -1.059707,-2.08523 -2.803096,-2.495439 -4.409748,-1.128075 z m 3.076568,0.273473 c 1.640836,1.298995 0.820418,3.726065 -1.264811,3.726065 -2.221966,0 -3.110752,-2.392886 -1.401548,-3.726065 0.512761,-0.410209 1.093891,-0.717866 1.33318,-0.717866 0.239288,0 0.820418,0.307657 1.333179,0.717866 z"
       id="path32553" />
    <path
       d="m 77.777056,79.787978 c 0,0.170921 0.170921,0.239289 0.341841,0.136737 0.205105,-0.102553 0.341841,-0.06837 0.341841,0.136736 0,0.17092 -0.136736,0.444393 -0.341841,0.546945 -0.512761,0.307657 -0.410209,0.854603 0.170921,0.854603 0.273472,0 0.410209,-0.205105 0.307656,-0.478578 -0.102552,-0.273472 0,-0.581129 0.170921,-0.717865 0.205104,-0.102553 0.307657,-0.376025 0.205104,-0.546946 -0.273472,-0.410209 -1.196443,-0.376025 -1.196443,0.06837 z"
       id="path32555" />
    <path
       d="m 71.350447,87.000821 c 0.06837,0.444393 0.341841,0.786234 0.615314,0.786234 0.273473,0 0.546945,-0.341841 0.615314,-0.786234 0.102552,-0.581129 -0.06837,-0.75205 -0.615314,-0.75205 -0.546946,0 -0.717866,0.170921 -0.615314,0.75205 z"
       id="path32563" />
    <path
       d="m 75.486722,87.103374 c 0,0.273472 0.307657,0.512761 0.649498,0.512761 0.341841,0 0.615313,-0.239289 0.615313,-0.512761 0,-0.273473 -0.273472,-0.512762 -0.615313,-0.512762 -0.341841,0 -0.649498,0.239289 -0.649498,0.512762 z"
       id="path32565" />
    <path
       d="m 79.828102,87.103374 c 0,0.273472 0.273472,0.512761 0.615313,0.512761 0.341841,0 0.649498,-0.239289 0.649498,-0.512761 0,-0.273473 -0.307657,-0.512762 -0.649498,-0.512762 -0.341841,0 -0.615313,0.239289 -0.615313,0.512762 z"
       id="path32567" />
    <path
       d="m 83.930192,87.103374 c 0,0.273472 0.307657,0.512761 0.683682,0.512761 0.376025,0 0.683682,-0.239289 0.683682,-0.512761 0,-0.273473 -0.307657,-0.512762 -0.683682,-0.512762 -0.376025,0 -0.683682,0.239289 -0.683682,0.512762 z"
       id="path32569" />
    <path
       d="m 74.700488,90.41923 c 0,0.03418 0.205105,0.786234 0.478577,1.640837 0.512762,1.709204 1.33318,2.051045 1.5041,0.581129 0.136737,-1.196443 0.683682,-1.196443 0.820418,0 0.170921,1.401548 0.854603,1.33318 1.264812,-0.136736 0.478577,-1.640837 0.478577,-2.25615 0.03418,-1.982677 -0.170921,0.102552 -0.341841,0.581129 -0.341841,1.025522 0,1.298996 -0.58113,1.298996 -0.820418,0 -0.136737,-0.649497 -0.376025,-1.196443 -0.512762,-1.196443 -0.376025,0 -0.717865,0.854602 -0.717865,1.743389 0,1.093891 -0.649498,0.717866 -0.75205,-0.444393 -0.06837,-0.58113 -0.307657,-1.128075 -0.512762,-1.230628 -0.239288,-0.06837 -0.444393,-0.06837 -0.444393,0 z"
       id="path32573" />
    <path
       d="m 79.828102,90.692703 c 0,0.17092 0.17092,0.341841 0.341841,0.341841 0.205104,0 0.34184,-0.170921 0.34184,-0.341841 0,-0.205105 -0.136736,-0.341841 -0.34184,-0.341841 -0.170921,0 -0.341841,0.136736 -0.341841,0.341841 z"
       id="path32575" />
    <path
       d="m 81.195465,90.692703 c 0,0.17092 0.170921,0.341841 0.341841,0.341841 0.205105,0 0.341841,-0.170921 0.341841,-0.341841 0,-0.205105 -0.136736,-0.341841 -0.341841,-0.341841 -0.17092,0 -0.341841,0.136736 -0.341841,0.341841 z"
       id="path32577" />
    <path
       d="m 79.828102,92.538644 c 0,0.683682 0.17092,1.230627 0.341841,1.230627 0.205104,0 0.34184,-0.444393 0.34184,-0.991339 0,-0.581129 -0.136736,-1.128074 -0.34184,-1.230627 -0.205105,-0.136736 -0.341841,0.273473 -0.341841,0.991339 z"
       id="path32579" />
    <path
       d="m 81.195465,92.538644 c 0,0.683682 0.170921,1.230627 0.341841,1.230627 0.205105,0 0.341841,-0.444393 0.341841,-0.991339 0,-0.581129 -0.136736,-1.128074 -0.341841,-1.230627 -0.205104,-0.136736 -0.341841,0.273473 -0.341841,0.991339 z"
       id="path32581" />


</g></svg>