<?xml version="1.0" encoding="UTF-8" standalone="no"?>
<!-- Created with Inkscape (http://www.inkscape.org/) -->

<svg
   viewBox="0 0 150.00001 100"
   version="1.1"
   id="svg5"
   sodipodi:docname="XBox One.svg"
   inkscape:version="1.1.1 (c3084ef, 2021-09-22)"
   xmlns:inkscape="http://www.inkscape.org/namespaces/inkscape"
   xmlns:sodipodi="http://sodipodi.sourceforge.net/DTD/sodipodi-0.dtd"
   xmlns="http://www.w3.org/2000/svg"
   xmlns:svg="http://www.w3.org/2000/svg">
  <sodipodi:namedview
     id="namedview7"
     pagecolor="#505050"
     bordercolor="#eeeeee"
     borderopacity="1"
     inkscape:pageshadow="0"
     inkscape:pageopacity="0"
     inkscape:pagecheckerboard="0"
     inkscape:document-units="mm"
     showgrid="false"
     showguides="true"
     inkscape:guide-bbox="true"
     units="cm"
     inkscape:lockguides="true"
     inkscape:zoom="1.8723841"
     inkscape:cx="226.98334"
     inkscape:cy="100.94082"
     inkscape:window-width="2138"
     inkscape:window-height="1262"
     inkscape:window-x="651"
     inkscape:window-y="37"
     inkscape:window-maximized="0"
     inkscape:current-layer="layer1">
    <inkscape:grid
       type="xygrid"
       id="grid9" />
    <sodipodi:guide
       position="129.19114,80.000002"
       orientation="0,1"
       id="guide21"
       inkscape:label=""
       inkscape:locked="true"
       inkscape:color="rgb(0,0,255)" />
    <sodipodi:guide
       position="120,100"
       orientation="-1,0"
       id="guide23"
       inkscape:label=""
       inkscape:locked="true"
       inkscape:color="rgb(0,0,255)" />
    <sodipodi:guide
       position="150,20.000001"
       orientation="0,1"
       id="guide25"
       inkscape:label=""
       inkscape:locked="true"
       inkscape:color="rgb(0,0,255)" />
    <sodipodi:guide
       position="30.000001,-1.5039822e-14"
       orientation="-1,0"
       id="guide27"
       inkscape:label=""
       inkscape:locked="true"
       inkscape:color="rgb(0,0,255)" />
  </sodipodi:namedview>
  <defs
     id="defs2" />
  <g
     inkscape:label="Layer 1"
     inkscape:groupmode="layer"
     id="layer1">
    <path
       d="m 91.051035,20.739259 c -0.09456,0.157605 -0.03152,0.31521 0.126084,0.31521 0.189126,0 0.346731,-0.157605 0.346731,-0.31521 0,-0.189125 -0.06304,-0.315209 -0.126084,-0.315209 -0.09456,0 -0.252168,0.126084 -0.346731,0.315209 z"
       id="path33504" />
    <path
       d="m 53.162793,21.180553 c -3.530352,0.851067 -6.556368,2.994495 -8.258502,5.862906 -4.349898,7.24983 -10.969308,26.824369 -12.356232,36.532838 -0.914109,6.493328 0.504336,11.725815 3.814041,14.184453 1.544529,1.134756 1.449966,0.567378 -0.157605,-0.94563 -0.788025,-0.756504 -1.386924,-1.513008 -1.292361,-1.733655 0.09456,-0.220647 -0.126084,-0.63042 -0.441294,-0.914109 -0.504336,-0.472815 -0.693462,-1.008672 -1.197798,-3.467311 -0.472815,-2.427118 -0.06304,-8.163941 0.882588,-12.293193 0.724983,-3.278184 2.301033,-8.8574 2.584722,-9.235651 0.189126,-0.189126 0.252168,-0.378252 0.157605,-0.378252 -0.31521,0 3.246663,-10.212804 4.665108,-13.396425 0.220647,-0.535857 0.94563,-2.237991 1.607571,-3.78252 0.661941,-1.57605 1.449966,-3.215142 1.796697,-3.687957 0.977151,-1.292361 4.444461,-2.994494 8.416107,-4.066209 1.513008,-0.409773 1.544529,-0.409773 4.885755,-0.756504 1.229319,-0.126084 2.269512,-0.283689 2.332554,-0.346731 0.378252,-0.346731 -3.971646,-0.03152 -6.430284,0.472815 -2.364075,0.504336 -3.877083,1.071714 -8.163939,3.120579 -0.157605,0.09456 0.09456,-0.346731 0.567378,-0.97715 1.670613,-2.206471 4.980318,-3.751 9.015006,-4.286857 1.765176,-0.220647 1.859739,-0.283689 0.63042,-0.283689 -0.788025,0 -2.143428,0.157605 -3.057537,0.378252 z"
       id="path33506" />
    <path
       d="m 60.00285,21.684889 c 0.882588,0.724983 1.418445,0.914109 2.679285,0.94563 0.882588,0 6.840057,0.03152 13.301862,0.03152 l 11.725812,0.03152 1.103235,-0.882588 c 0.598899,-0.504336 1.040193,-0.94563 0.94563,-1.040193 -0.06304,-0.06304 -0.535857,0.252168 -1.008672,0.693462 l -0.882588,0.851067 H 74.470989 61.043043 L 60.31806,21.527284 c -0.409773,-0.441294 -0.882588,-0.788025 -1.071714,-0.788025 -0.189126,0 0.157605,0.409773 0.756504,0.94563 z"
       id="path33508" />
    <path
       d="m 94.644429,21.275116 c 3.120579,0.598899 5.516171,1.765176 7.186791,3.498831 0.7565,0.788026 1.32388,1.449966 1.29236,1.481487 -0.063,0.06304 -1.22932,-0.441293 -2.61624,-1.134755 -1.386929,-0.661942 -3.498836,-1.449967 -4.696634,-1.702135 -2.490159,-0.567378 -7.407435,-1.008672 -7.029183,-0.63042 0.126084,0.157605 0.819546,0.31521 1.57605,0.346731 2.616243,0.189126 4.034688,0.378252 4.223814,0.567378 0.126084,0.09456 0.504336,0.189126 0.851067,0.189126 1.040193,0.03152 4.129251,1.134757 6.178116,2.237991 2.42712,1.292361 3.1521,2.458638 5.95747,9.487822 6.74549,16.895253 9.89759,31.016662 8.1009,36.375235 -0.28369,0.851067 -0.53586,1.670613 -0.56738,1.859739 -0.12609,0.724983 -3.37275,4.255335 -3.90861,4.255335 -0.25216,0 -0.44129,0.126084 -0.44129,0.31521 0,0.535857 0.47282,0.346731 1.85974,-0.63042 1.70213,-1.229319 2.96297,-3.278184 3.65643,-5.831385 1.07172,-3.877085 0.22065,-10.906269 -2.36407,-19.858234 -2.49016,-8.510668 -7.43896,-21.52884 -9.01501,-23.70379 -0.40977,-0.535857 -0.7565,-1.134756 -0.7565,-1.323882 0,-0.788025 -3.34123,-3.877083 -5.137923,-4.72815 -1.954302,-0.914109 -4.696629,-1.639092 -5.98899,-1.57605 -0.378252,0 0.346731,0.220647 1.639092,0.504336 z"
       id="path33510" />
    <path
       id="path33512"
       style="fill:#000000;stroke:none;stroke-width:0.0315209"
       d="m 74.502427,25.183481 c -1.702133,0 -1.733698,2.4e-5 -0.851109,0.472839 0.756505,0.409773 0.945719,0.409773 1.733743,0 0.851067,-0.472815 0.819502,-0.472839 -0.882634,-0.472839 z m -2.072224,0.76636 c -0.177671,0.0042 -0.332373,0.17047 -0.575676,0.526067 -0.788024,1.103234 -0.661926,2.963172 0.252183,3.877282 2.080384,2.080386 5.547981,0.850966 5.547981,-1.985926 0,-0.724982 -0.220675,-1.513107 -0.535884,-1.922878 -0.504338,-0.567379 -0.630478,-0.59891 -1.134816,-0.189137 -0.567378,0.409773 -0.567365,0.4729 0.220659,1.639175 0.441294,0.661943 0.819587,1.45006 0.819587,1.796791 0,0.441294 -0.283752,0.252127 -1.260904,-0.788067 l -1.260906,-1.386993 -1.260904,1.386993 c -0.977151,1.040194 -1.260906,1.229361 -1.260906,0.788067 0,-0.346731 0.378296,-1.166371 0.819589,-1.796791 0.441294,-0.66194 0.756539,-1.229383 0.693497,-1.292426 -0.03152,-0.03152 -0.31524,-0.22067 -0.630452,-0.441317 -0.179276,-0.140859 -0.311483,-0.21369 -0.433048,-0.21084 z m 1.973524,2.693894 c -0.05074,0.02833 -0.09974,0.05938 -0.146762,0.09302 0.05166,-0.04116 0.101309,-0.07312 0.146762,-0.09302 z" />
    <path
       d="m 50.294382,30.416207 c -1.386924,0.252168 -3.435789,2.616242 -4.003167,4.570544 -0.283689,1.008673 -0.409773,2.111907 -0.31521,2.490159 0.126084,0.378252 0.252168,0.882588 0.283689,1.134756 0.126084,0.788025 2.427117,3.246664 3.656436,3.877083 1.544529,0.788025 4.160772,0.882588 5.705301,0.189126 1.229319,-0.504336 3.435789,-2.83689 3.435789,-3.561873 0,-0.252168 0.126084,-0.378252 0.283689,-0.283689 0.157605,0.126084 0.220647,-0.09456 0.126084,-0.472815 -0.157605,-0.535857 -0.252168,-0.441294 -0.724983,0.598899 -0.693462,1.513008 -2.332554,3.089058 -3.750999,3.561873 -0.567378,0.189126 -1.796697,0.283689 -2.742327,0.220647 -5.074881,-0.441294 -7.281351,-6.430283 -3.78252,-10.275846 1.008672,-1.134756 2.364075,-1.765175 4.286856,-1.985822 l 1.733655,-0.189126 H 52.75302 c -0.94563,0 -2.048865,0.06304 -2.458638,0.126084 z"
       id="path33518" />
    <path
       d="m 56.598582,31.740088 c 0.567378,0.504336 1.103235,0.882588 1.166277,0.819546 0.157605,-0.157605 -1.57605,-1.733654 -1.922781,-1.733654 -0.126084,0 0.189126,0.409773 0.756504,0.914108 z"
       id="path33520" />
    <path
       d="m 50.042214,32.654197 c -4.192293,3.057538 -2.269512,9.204133 2.868411,9.204133 3.877083,0 6.3042,-3.845563 4.602066,-7.312873 -0.94563,-1.89126 -1.985823,-2.584722 -4.286856,-2.710806 -1.702134,-0.09456 -2.017344,-0.03152 -3.183621,0.819546 z m 4.917276,0.126084 c 1.57605,0.819546 2.52168,2.332554 2.52168,4.09773 0,0.914109 -0.252168,1.386924 -1.166277,2.332554 -0.661941,0.661941 -0.851067,0.914109 -0.378252,0.567378 0.472815,-0.378252 0.409773,-0.220647 -0.252168,0.409773 -0.882588,0.91411 -1.26084,1.040194 -2.647764,1.040194 -1.985823,0 -3.46731,-0.819547 -4.192293,-2.332555 -1.481487,-3.120578 0.535857,-6.650931 3.561873,-6.3042 0.882588,0.09456 1.008672,0.06304 0.504336,-0.157605 -0.63042,-0.31521 -0.63042,-0.31521 0,-0.31521 0.378252,-0.03152 1.292361,0.283689 2.048865,0.661941 z"
       id="path33522" />
    <path
       d="m 50.042214,33.788953 c -0.598899,0.598899 -1.071714,1.26084 -1.071714,1.481487 0,0.252169 0.283689,0 0.63042,-0.567378 0.31521,-0.535857 1.008672,-1.229319 1.481487,-1.481487 0.472815,-0.252168 0.693462,-0.472815 0.472815,-0.504336 -0.252168,0 -0.914109,0.472815 -1.513008,1.071714 z"
       id="path33524" />
    <path
       d="m 55.2747,33.820474 c 0.409773,0.441294 0.819546,0.788025 0.882588,0.788025 0.09456,0 -0.157605,-0.346731 -0.567378,-0.788025 -0.409773,-0.441294 -0.819546,-0.788025 -0.882588,-0.788025 -0.09456,0 0.157605,0.346731 0.567378,0.788025 z"
       id="path33526" />
    <path
       d="m 51.80739,33.568306 c -1.702134,0.63042 -2.553201,2.647765 -1.733655,4.09773 0.472815,0.819546 0.472815,0.819546 0.252168,0.09456 -0.378252,-1.29236 -0.189126,-2.206469 0.535857,-2.994495 1.292361,-1.355403 2.994495,-1.292361 4.41294,0.220647 l 0.693462,0.724984 -0.346731,-0.693463 C 54.991011,33.78895 53.131272,33.095488 51.80739,33.568303 Z"
       id="path33528" />
    <path
       d="m 55.495347,38.580145 c -0.31521,0.409773 -0.914109,0.851067 -1.323882,0.94563 -0.441294,0.09456 -0.788025,0.31521 -0.788025,0.472815 0,0.157605 0.378252,0.09456 0.882588,-0.157605 0.914109,-0.472815 2.143428,-1.670613 1.922781,-1.89126 -0.06304,-0.06304 -0.378252,0.220647 -0.693462,0.63042 z"
       id="path33530" />
    <path
       d="m 51.334575,39.809464 c 0.535857,0.252168 1.166277,0.441294 1.418445,0.441294 0.252168,0 -0.03152,-0.220647 -0.63042,-0.441294 -1.449966,-0.567378 -2.017344,-0.535857 -0.788025,0 z"
       id="path33532" />
    <path
       d="m 54.171465,40.597489 c -0.504336,0.220648 -0.535857,0.28369 -0.09456,0.28369 0.283689,0.03152 0.63042,-0.126084 0.724983,-0.28369 0.220647,-0.346731 0.220647,-0.346731 -0.63042,0 z"
       id="path33534" />
    <path
       d="m 58.363758,33.505264 c 0.157605,0.346731 0.378252,0.851067 0.472815,1.103235 0.157605,0.409773 0.189126,0.409773 0.189126,-0.03152 0.03152,-0.252168 -0.189126,-0.756504 -0.472815,-1.103235 -0.472815,-0.598899 -0.472815,-0.598899 -0.189126,0.03152 z"
       id="path33536" />
    <path
       d="m 66.968991,35.428046 c -0.851067,1.071714 -0.819546,1.733654 0.06304,2.584721 0.94563,0.882588 1.828218,0.882588 2.679285,-0.03152 0.851067,-0.914109 0.882588,-1.796696 0.06304,-2.679285 -0.882588,-0.94563 -2.017344,-0.882588 -2.805369,0.126085 z m 2.679285,0.283689 c 0.598899,0.945629 0.346731,1.954301 -0.661941,2.427116 -1.513008,0.693462 -2.868411,-1.008672 -1.922781,-2.427116 0.693462,-1.040194 1.89126,-1.040194 2.584722,0 z"
       id="path33548" />
    <path
       d="m 67.284201,36.247592 c 0.03152,0.504335 0.09456,0.567377 0.189126,0.189126 0.06304,-0.283689 0.441294,-0.598899 0.819546,-0.661941 0.567378,-0.126084 0.535857,-0.157605 -0.157605,-0.189126 -0.724983,-0.03152 -0.882588,0.09456 -0.851067,0.661941 z"
       id="path33550" />
    <path
       d="m 68.040705,36.49976 c -0.283689,0.472814 0.126084,0.945629 0.819546,0.945629 0.378252,0 0.598899,-0.220647 0.598899,-0.63042 0,-0.66194 -1.040193,-0.914108 -1.418445,-0.315209 z m 1.103235,0.315209 c 0,0.157605 -0.220647,0.31521 -0.472815,0.31521 -0.252168,0 -0.472815,-0.157605 -0.472815,-0.31521 0,-0.189126 0.220647,-0.315209 0.472815,-0.315209 0.252168,0 0.472815,0.126083 0.472815,0.315209 z"
       id="path33552" />
    <path
       d="m 79.293702,35.333482 c -0.882588,0.945631 -0.882588,1.828218 0.03152,2.679285 0.914109,0.851067 1.922781,0.882588 2.742327,0.06304 0.819546,-0.819546 0.788025,-2.017343 -0.06304,-2.83689 -0.914109,-0.819546 -1.859739,-0.788025 -2.710806,0.09456 z m 2.647764,0.378253 c 0.598899,0.945629 0.346731,1.954301 -0.661941,2.427116 -1.513008,0.693462 -2.868411,-1.008672 -1.922781,-2.427116 0.693462,-1.040194 1.89126,-1.040194 2.584722,0 z"
       id="path33554" />
    <path
       d="m 79.86108,36.18455 c 0,0.157605 0.346731,0.31521 0.756504,0.31521 0.441294,0 0.882588,-0.157605 0.977151,-0.31521 0.126084,-0.189126 -0.220647,-0.31521 -0.756504,-0.31521 -0.535857,0 -0.977151,0.126084 -0.977151,0.31521 z"
       id="path33556" />
    <path
       d="m 80.113248,37.035616 c 0.378252,0.06304 0.94563,0.06304 1.26084,0 0.283689,-0.09456 -0.03152,-0.157605 -0.724983,-0.126084 -0.693462,0 -0.94563,0.06304 -0.535857,0.126084 z"
       id="path33558" />
    <path
       d="m 72.674292,40.156195 c -0.819546,0.567379 -0.882588,1.449967 -0.189126,2.174949 0.378252,0.378252 0.977151,0.472815 2.269512,0.409773 1.639092,-0.09456 1.796697,-0.157605 2.111907,-1.008671 0.252168,-0.756504 0.189126,-0.977151 -0.441294,-1.481488 -0.882588,-0.724983 -2.773848,-0.788025 -3.750999,-0.09456 z m 3.530352,0.31521 c 1.103235,1.103236 0.346731,2.017344 -1.702134,2.017344 -1.449966,0 -2.20647,-0.409773 -2.20647,-1.134755 0,-0.756505 1.008672,-1.386925 2.20647,-1.386925 0.693462,0 1.418445,0.220647 1.702134,0.504336 z"
       id="path33560" />
    <path
       d="m 74.1873,40.9127 c 0,0.157605 0.157605,0.31521 0.31521,0.31521 0.189126,0 0.31521,-0.157605 0.31521,-0.31521 0,-0.189126 -0.126084,-0.315211 -0.31521,-0.315211 -0.157605,0 -0.31521,0.126085 -0.31521,0.315211 z"
       id="path33562" />
    <path
       d="m 73.273191,41.290952 c -0.03152,0.441294 0.220647,0.567378 1.229319,0.567378 1.008672,0 1.26084,-0.126084 1.229319,-0.567378 0,-0.31521 -0.09456,-0.378252 -0.189126,-0.157605 -0.06304,0.220647 -0.535857,0.409773 -1.040193,0.409773 -0.504336,0 -0.977151,-0.189126 -1.040193,-0.409773 -0.09456,-0.220647 -0.189126,-0.157605 -0.189126,0.157605 z"
       id="path33564" />
    <g
       id="g33918"
       transform="translate(0,61.912503)">
      <path
         d="m 94.707471,-33.040827 c -0.598899,0.283689 -1.166277,0.756504 -1.229319,1.008672 -0.09456,0.283689 0.06304,0.252168 0.378252,-0.157605 0.535857,-0.63042 0.535857,-0.598899 0.189126,0.126084 -0.220647,0.409773 -0.283689,1.134756 -0.189126,1.639092 0.252168,1.229319 -0.03152,1.166277 -0.409773,-0.126084 l -0.283689,-1.008672 -0.03152,0.882588 c -0.03152,1.166277 1.765176,3.057537 2.899932,3.057537 1.103235,0 1.828218,-0.31521 1.57605,-0.724983 -0.126084,-0.189126 -0.03152,-0.220647 0.189126,-0.09456 0.94563,0.598899 1.702134,-2.20647 0.977151,-3.624915 -0.346731,-0.63042 -1.89126,-1.544529 -2.584722,-1.544529 -0.220647,0 -0.882588,0.252168 -1.481487,0.567378 z m 3.404268,0.882588 c 0.724983,0.914109 0.819546,1.733655 0.346731,2.679285 -0.756504,1.386924 -1.57605,-0.126084 -0.94563,-1.765176 l 0.31521,-0.94563 -0.63042,0.788025 c -0.346731,0.441294 -0.63042,1.166277 -0.63042,1.639092 0,0.504336 -0.126084,0.882588 -0.31521,0.882588 -0.157605,0 -0.31521,-0.31521 -0.31521,-0.724983 0,-0.378252 -0.283689,-1.166277 -0.63042,-1.733655 -0.472815,-0.788025 -0.535857,-1.008672 -0.189126,-1.008672 0.252168,0 0.567378,0.283689 0.661941,0.63042 0.220647,0.724983 0.788025,0.851067 0.788025,0.157605 0,-0.220647 0.252168,-0.598899 0.567378,-0.788025 0.472815,-0.283689 0.441294,-0.31521 -0.157605,-0.157605 -0.441294,0.126084 -0.724983,0.06304 -0.724983,-0.126084 0,-0.661941 1.229319,-0.346731 1.859739,0.472815 z m -2.994495,3.877083 c -0.06304,0.09456 -0.378252,-0.09456 -0.693462,-0.409773 -0.504336,-0.535857 -0.504336,-0.567378 0.157605,-0.157605 0.378252,0.220647 0.63042,0.472815 0.535857,0.567378 z m 1.859739,0.252168 c -0.220647,0.06304 -0.661941,0.06304 -0.94563,0 -0.31521,-0.09456 -0.126084,-0.157605 0.378252,-0.157605 0.535857,0 0.756504,0.06304 0.567378,0.157605 z"
         id="path33516" />
      <path
         d="m 88.340229,-27.020316 c -1.040193,1.040193 -1.134756,1.828218 -0.441294,3.183621 0.598899,1.134756 1.355403,1.57605 2.83689,1.57605 1.607571,0 2.679285,-1.134756 2.679285,-2.83689 0,-1.765176 -1.071714,-2.83689 -2.83689,-2.83689 -1.040193,0 -1.513008,0.189126 -2.237991,0.914109 z m 4.759671,2.048865 c -0.03152,0.914109 -0.03152,0.94563 -0.472815,0.378252 -0.252168,-0.346731 -0.472815,-0.882588 -0.472815,-1.197798 0,-0.724983 -0.378252,-0.724983 -0.851067,0.03152 -0.283689,0.472815 -0.252168,0.724983 0.126084,1.26084 0.661941,0.977151 0.189126,1.292361 -0.504336,0.378252 l -0.598899,-0.756504 -0.189126,0.661941 c -0.126084,0.378252 -0.441294,0.693462 -0.693462,0.693462 -0.409773,0 -0.409773,-0.126084 0.06304,-0.882588 0.472815,-0.851067 0.472815,-0.977151 -0.03152,-1.733655 -0.472815,-0.756504 -0.472815,-0.851067 -0.06304,-0.851067 0.283689,0 0.598899,0.283689 0.693462,0.661941 0.189126,0.598899 0.252168,0.598899 1.008672,-0.220647 l 0.819546,-0.882588 0.567378,0.724983 c 0.346731,0.409773 0.598899,1.166277 0.598899,1.733655 z m -4.854234,-0.882588 c -0.189126,0.598899 -0.378252,0.882588 -0.441294,0.63042 -0.09456,-0.409773 0.441294,-1.765176 0.693462,-1.765176 0.06304,0 -0.06304,0.504336 -0.252168,1.134756 z m 3.750999,2.962974 c -0.09456,0.157605 -0.378252,0.31521 -0.567378,0.31521 -0.220647,0 -0.189126,-0.126084 0.09456,-0.31521 0.598899,-0.378252 0.724983,-0.378252 0.472815,0 z"
         id="path33538" />
      <path
         d="m 99.687789,-26.705106 c -0.504336,0.504336 -0.914109,1.166277 -0.914109,1.449966 0,0.819546 0.882588,2.679285 1.29236,2.679285 0.25217,0 0.22065,-0.157605 -0.063,-0.567378 -0.409774,-0.472815 -0.378253,-0.504336 0.0946,-0.126084 0.31521,0.252168 0.50434,0.598899 0.47282,0.788025 -0.0315,0.252168 0.50433,0.378252 1.513,0.378252 1.10324,0 1.54453,-0.126084 1.51301,-0.409773 -0.063,-0.189126 0.0631,-0.346731 0.28369,-0.31521 0.53586,0.126084 1.00867,-1.386924 0.75651,-2.395596 -0.5989,-2.395596 -3.24667,-3.183621 -4.948801,-1.481487 z m 3.814041,0.409773 c 0.40977,0.693462 0.56738,1.323882 0.44129,1.828218 -0.22064,0.977151 -0.56737,1.197798 -1.89126,1.197798 -1.00867,0 -1.00867,0 -1.13475,-1.796697 -0.063,-0.977151 -0.0946,-1.859739 -0.0315,-2.017344 0.0946,-0.126084 0.53585,-0.220647 1.07171,-0.220647 0.69346,0 1.07171,0.252168 1.54453,1.008672 z m -4.066209,1.071714 c -0.157605,0.504336 -0.31521,0.661941 -0.31521,0.378252 -0.03152,-0.567378 0.31521,-1.607571 0.472815,-1.418445 0.06304,0.03152 -0.03152,0.504336 -0.157605,1.040193 z"
         id="path33540" />
      <path
         d="m 101.61057,-25.727955 c 0,0.157605 0.22065,0.31521 0.47281,0.31521 0.25217,0 0.47282,-0.157605 0.47282,-0.31521 0,-0.189126 -0.22065,-0.31521 -0.47282,-0.31521 -0.25216,0 -0.47281,0.126084 -0.47281,0.31521 z"
         id="path33542" />
      <path
         d="m 101.98882,-24.341031 c 0.22065,0.252168 0.47282,0.378252 0.53586,0.346731 0.1576,-0.189126 -0.31521,-0.788025 -0.63042,-0.788025 -0.15761,0 -0.12608,0.189126 0.0946,0.441294 z"
         id="path33544" />
      <path
         d="m 101.45297,-23.836695 c 0.0946,0.157605 0.25216,0.31521 0.34673,0.31521 0.063,0 0.12608,-0.157605 0.12608,-0.31521 0,-0.189126 -0.1576,-0.31521 -0.34673,-0.31521 -0.15761,0 -0.22065,0.126084 -0.12608,0.31521 z"
         id="path33546" />
      <path
         d="m 94.140093,-21.504141 c -0.693462,0.598899 -0.882588,1.008672 -0.882588,2.080386 0,1.103235 0.189126,1.481487 1.040193,2.237991 0.63042,0.567378 1.355403,0.914109 1.922781,0.914109 1.166277,0 2.742327,-1.292361 2.962974,-2.427117 0.220647,-1.103235 -0.472815,-2.773848 -1.292361,-3.215142 -1.103235,-0.598899 -2.805369,-0.409773 -3.750999,0.409773 z m 3.845562,0.346731 c 0.788025,0.756504 1.103235,2.364075 0.472815,2.364075 -0.157605,0 -0.661941,-0.724983 -1.103235,-1.57605 -0.851067,-1.702134 -0.598899,-2.048865 0.63042,-0.788025 z m -3.845562,0.31521 c -0.09456,0.283689 -0.252168,0.441294 -0.31521,0.346731 -0.09456,-0.09456 -0.06304,-0.283689 0.06304,-0.472815 0.283689,-0.504336 0.472815,-0.409773 0.252168,0.126084 z m 3.1521,1.197798 c 0.63042,1.544529 0.472815,2.395596 -0.220647,1.386924 -0.504336,-0.661941 -1.323882,-0.693462 -1.57605,-0.06304 -0.283689,0.756504 -0.882588,0.567378 -0.63042,-0.220647 0.535857,-1.702134 1.134756,-2.805369 1.449966,-2.710806 0.220647,0.09456 0.661941,0.819546 0.977151,1.607571 z m -2.584722,-0.189126 c -0.378252,0.63042 -0.441294,0.441294 -0.157605,-0.378252 0.126084,-0.283689 0.283689,-0.441294 0.346731,-0.346731 0.09456,0.06304 0,0.409773 -0.189126,0.724983 z m -1.071714,0.472815 c -0.09456,0.252168 -0.189126,0.157605 -0.189126,-0.189126 -0.03152,-0.346731 0.06304,-0.535857 0.157605,-0.409773 0.09456,0.09456 0.126084,0.378252 0.03152,0.598899 z m 3.026016,2.679285 c -0.220647,0.06304 -0.598899,0.06304 -0.788025,0 -0.220647,-0.09456 -0.06304,-0.157605 0.378252,-0.157605 0.441294,0 0.598899,0.06304 0.409773,0.157605 z"
         id="path33566" />
      <path
         d="m 96.094395,-20.274822 c -0.252168,0.598899 -0.06304,0.977151 0.409773,0.819546 0.157605,-0.06304 0.189126,-0.409773 0.06304,-0.756504 -0.220647,-0.598899 -0.252168,-0.598899 -0.472815,-0.06304 z"
         id="path33568" />
    </g>
    <path
       d="m 82.855575,43.560463 c -2.080386,0.94563 -3.940125,3.877083 -3.940125,6.241157 0,0.504336 0.220647,1.386923 0.441294,1.985822 0.252168,0.598899 0.378252,1.103235 0.283689,1.103235 -0.472815,0 2.395596,2.458638 3.309705,2.83689 1.859739,0.724983 6.367242,0.220647 6.367242,-0.756504 0,-0.157605 0.09456,-0.220647 0.189126,-0.126084 0.189126,0.220647 1.386924,-0.851067 1.418445,-1.26084 0,-0.126084 0.283689,-0.504336 0.63042,-0.882588 0.977151,-1.040193 1.134756,-3.498829 0.31521,-5.358568 -0.693462,-1.544529 -2.080386,-3.278184 -2.647764,-3.278184 -0.189126,0 0.157605,0.441294 0.693462,0.977151 3.561873,3.372747 1.954302,9.078046 -2.931453,10.401928 -2.994495,0.819546 -6.713973,-1.481487 -7.375914,-4.570545 -0.724983,-3.435787 1.103235,-6.36724 4.665108,-7.470475 0.63042,-0.189126 0.661941,-0.220647 0.157605,-0.252168 -0.346731,0 -1.040193,0.189126 -1.57605,0.409773 z"
       id="path33570" />
    <path
       d="m 87.173952,43.434379 c 0.441294,0.126084 1.008672,0.346731 1.26084,0.472815 0.220647,0.09456 0.126084,-0.03152 -0.189126,-0.283689 -0.346731,-0.283689 -0.914109,-0.504336 -1.26084,-0.472815 -0.535857,0.03152 -0.504336,0.06304 0.189126,0.283689 z"
       id="path33572" />
    <path
       d="m 61.26369,44.159362 c -0.598899,0.220647 -1.071714,0.598899 -1.008672,0.819546 0.03152,0.220647 -0.06304,0.283689 -0.252168,0.189126 -0.441294,-0.283689 -1.796697,0.945631 -2.458638,2.20647 -1.765176,3.435788 -0.535857,7.438954 2.868411,9.141088 2.83689,1.418445 5.957469,0.819547 8.006334,-1.513008 2.805369,-3.183621 1.954302,-8.226978 -1.702134,-10.244323 -1.607571,-0.882588 -3.971646,-1.134756 -5.453133,-0.598899 z m 4.034688,0.598899 c 0.06304,0.126084 0.220647,0.189126 0.346731,0.126084 0.126084,-0.09456 0.189126,0.283689 0.157605,0.851067 -0.06304,0.567379 -0.03152,0.724984 0.06304,0.378253 0.220647,-0.724984 0.851067,-1.513009 0.693462,-0.819547 -0.06304,0.220647 0.09456,0.504336 0.346731,0.598899 0.283689,0.09456 0.346731,0 0.189126,-0.283689 -0.157605,-0.252168 0.09456,-0.09456 0.567378,0.31521 0.472815,0.441295 0.724983,0.91411 0.63042,1.229319 -0.157605,0.346731 -0.09456,0.409773 0.220647,0.220647 0.252168,-0.157605 0.346731,-0.126084 0.189126,0.09456 -0.252168,0.409773 -10.275846,0.535857 -10.275846,0.126084 0,-0.157605 0.504336,-0.724982 1.134756,-1.260839 1.040193,-0.91411 1.26084,-0.977152 3.46731,-0.91411 1.292361,0.03152 2.332554,-0.03152 2.332554,-0.157605 0,-0.409773 -1.544529,-0.661941 -2.899932,-0.472815 -1.355403,0.189126 -1.292361,-0.252168 0.06304,-0.472815 1.008672,-0.189126 2.647764,0.09456 2.773848,0.441294 z m 4.034688,4.223814 c 0.252168,0.945629 -0.126084,3.026014 -0.598899,3.341224 -0.189126,0.157605 -1.859739,0.220647 -3.687957,0.157605 -1.828218,-0.06304 -2.490159,-0.06304 -1.481487,0 l 1.796697,0.126084 v 1.702134 c 0,1.544529 -0.06304,1.733655 -0.756504,1.922781 -1.040193,0.252168 -3.687957,-0.03152 -4.507503,-0.441294 -0.661941,-0.378252 -2.301033,-2.143428 -2.301033,-2.52168 0,-0.126084 0.724983,-0.252168 1.607571,-0.31521 l 1.607571,-0.09456 -0.126084,1.449966 c -0.09456,0.788025 -0.03152,1.513008 0.09456,1.607571 0.157605,0.09456 0.283689,-0.63042 0.283689,-1.57605 V 52.575467 H 59.7822 c -0.851067,0 -1.670613,-0.126084 -1.859739,-0.252168 -0.472815,-0.31521 -0.788025,-2.080385 -0.567378,-3.152098 l 0.189126,-0.914109 h 5.799864 c 5.736822,0 5.831385,0.03152 5.98899,0.724983 z m -0.189126,4.066207 c 0,0.283689 -2.301033,2.710806 -2.899932,3.026016 -0.504336,0.283689 -0.567378,0.157605 -0.567378,-1.449966 v -1.733655 h 1.733655 c 0.94563,0 1.733655,0.06304 1.733655,0.157605 z"
       id="path33574" />
    <path
       d="m 67.25268,46.082144 c 0,0.06304 0.252168,0.31521 0.567378,0.535857 0.472815,0.409773 0.504336,0.378252 0.09456,-0.126084 -0.409773,-0.504336 -0.661941,-0.661942 -0.661941,-0.409773 z"
       id="path33576" />
    <path
       d="m 60.853917,48.698386 c -0.220647,0.346731 -0.220647,3.656434 -0.03152,3.467308 0.189126,-0.157605 0.441294,-3.687955 0.252168,-3.687955 -0.03152,0 -0.157605,0.09456 -0.220648,0.220647 z"
       id="path33578" />
    <path
       d="m 82.981659,45.104992 c -0.567378,0.378252 -1.386924,1.197799 -1.796697,1.796698 -0.63042,0.914108 -0.724983,1.386923 -0.63042,2.931451 0.157605,2.174948 0.851067,3.246662 2.805369,4.255334 2.52168,1.323882 5.642259,0.31521 6.871578,-2.269512 0.819546,-1.670612 0.819546,-2.773846 0.03152,-4.412938 -1.323882,-2.742327 -4.948797,-3.877083 -7.28135,-2.301033 z m 4.980318,0.535857 c 1.513008,0.91411 2.111907,2.048865 2.111907,3.971645 0.03152,1.702134 -0.693462,3.215141 -1.733655,3.530351 -0.378252,0.157605 -0.378252,0.06304 0.03152,-0.441294 0.441294,-0.567378 0.441294,-0.567378 -0.06304,-0.157605 -0.31521,0.220647 -0.472815,0.535857 -0.378252,0.693462 0.283689,0.472815 -1.513008,0.977151 -2.805369,0.819546 -0.661941,-0.09456 -1.544529,-0.409773 -1.985823,-0.693462 -2.679285,-1.733655 -2.679285,-6.115072 -0.03152,-7.722643 1.323882,-0.819546 3.530352,-0.819546 4.854234,0 z"
       id="path33580" />
    <path
       d="m 83.391432,45.829975 c -0.378252,0.252169 -0.851067,0.788026 -1.040193,1.166278 -0.31521,0.66194 -0.31521,0.66194 0.252168,-0.03152 0.31521,-0.409773 1.166277,-0.914109 1.828218,-1.166278 1.040193,-0.378252 1.103235,-0.441294 0.472815,-0.472815 -0.441294,0 -1.134756,0.220647 -1.513008,0.504335 z"
       id="path33582" />
    <path
       d="m 86.102238,45.546286 c 0.220647,0.09456 0.504336,0.06304 0.598899,-0.03152 0.126084,-0.09456 -0.06304,-0.189126 -0.409773,-0.157605 -0.346731,0 -0.441294,0.09456 -0.189126,0.189125 z"
       id="path33584" />
    <path
       d="m 83.738163,46.838648 c -1.040193,0.819545 -1.449966,2.143427 -1.040193,3.404266 0.189126,0.598899 0.472815,1.134756 0.63042,1.229318 0.157605,0.09456 0.09456,-0.31521 -0.157605,-0.945629 -0.409773,-0.94563 -0.409773,-1.229319 -0.03152,-2.174948 0.819546,-1.92278 2.868411,-2.364074 4.665108,-0.94563 l 1.040193,0.819546 -1.040193,-0.977151 c -1.197798,-1.134755 -2.931453,-1.323882 -4.06621,-0.409772 z"
       id="path33586" />
    <path
       d="m 81.626256,48.383176 c -0.189126,0.441294 -0.157605,0.472815 0.157605,0.189126 0.220647,-0.220647 0.31521,-0.472815 0.220647,-0.567378 -0.09456,-0.09456 -0.283689,0.06304 -0.378252,0.378252 z"
       id="path33588" />
    <path
       d="m 88.025019,51.37767 c -0.598899,0.724982 -1.197798,1.040192 -2.20647,1.197797 l -1.386924,0.220647 1.355403,0.06304 c 1.134756,0.03152 1.544529,-0.126084 2.301033,-0.882588 0.504336,-0.504336 0.914109,-1.071714 0.914109,-1.260839 0,-0.472815 -0.03152,-0.441294 -0.977151,0.661941 z"
       id="path33590" />
    <path
       d="m 58.710489,62.031768 c -0.788025,0.126084 -1.922781,0.504336 -2.52168,0.788025 -1.639092,0.882588 -12.829047,12.324714 -15.035517,15.445293 l -0.756504,1.040193 -2.679285,-0.189126 c -2.017344,-0.126084 -2.647764,-0.06304 -2.490159,0.189126 0.31521,0.504336 8.258502,0.504336 8.573712,0.03152 0.157605,-0.283689 -0.189126,-0.31521 -1.229319,-0.220647 l -1.449966,0.157605 1.103235,-1.449966 c 1.607571,-2.080386 7.754166,-8.888924 7.911771,-8.731319 0.220647,0.220647 -3.908604,5.390093 -5.831385,7.312874 -1.166277,1.166277 -1.449966,1.544529 -0.788025,1.103235 0.567378,-0.378252 1.796697,-1.57605 2.742327,-2.647764 2.080386,-2.364075 6.272679,-7.78569 6.020511,-7.78569 -0.504336,0 3.309705,-3.026016 4.539024,-3.593394 1.418445,-0.630419 1.828218,-0.66194 17.683281,-0.66194 h 16.233315 l 1.733655,0.882588 c 1.57605,0.788025 5.232486,3.687957 4.633587,3.687957 -0.31521,0 3.940123,5.610741 5.925943,7.817211 0.81955,0.914109 1.7967,1.828218 2.17495,2.017344 0.66194,0.346731 -0.53585,-1.103235 -2.5532,-3.120579 -1.13475,-1.134756 -3.656433,-4.507505 -3.498828,-4.696631 0.220647,-0.189126 6.146598,6.430286 8.447628,9.456302 0.44129,0.567378 0.44129,0.567378 -0.1576,0.283689 -0.34674,-0.189126 -1.26084,-0.441294 -2.04887,-0.535857 -0.78803,-0.09456 -1.9543,-0.252168 -2.64776,-0.378252 -0.97715,-0.189126 -1.1978,-0.126084 -1.07172,0.220647 0.25217,0.724983 3.87708,1.197798 8.92044,1.197798 2.61625,-0.03152 4.44447,-0.157605 4.09774,-0.283689 -0.34674,-0.126084 -1.73366,-0.189126 -3.08906,-0.126084 -2.08039,0.09456 -2.61625,0.03152 -3.24667,-0.472815 -0.40977,-0.31521 -0.66194,-0.661941 -0.56737,-0.724983 0.063,-0.09456 -0.81955,-1.134756 -1.98583,-2.332554 -1.16627,-1.197798 -2.08038,-2.301033 -2.04886,-2.427117 0.0315,-0.157605 -0.063,-0.189126 -0.25217,-0.06304 -0.15761,0.09456 -0.31521,0 -0.31521,-0.220647 0,-0.220647 -2.11191,-2.521681 -4.696629,-5.074883 -3.246663,-3.215145 -5.137923,-4.854237 -6.209637,-5.327052 -1.544529,-0.724983 -1.702134,-0.724983 -16.832214,-0.788025 -8.416107,-0.03152 -15.949626,0.06304 -16.737651,0.220647 z m -7.281351,5.95747 c -0.409773,0.535857 -0.851067,0.94563 -1.008672,0.94563 -0.189126,0.03152 0.09456,-0.409773 0.598899,-0.914109 1.166277,-1.197799 1.355403,-1.22932 0.409773,-0.03152 z m 46.871727,0.346731 c 0.504336,0.504336 0.756504,0.94563 0.598899,0.94563 -0.189126,0 -0.63042,-0.441294 -1.008672,-0.94563 -0.409773,-0.535857 -0.661941,-0.945631 -0.598899,-0.945631 0.06304,0 0.504336,0.409774 1.008672,0.945631 z m 7.754165,7.785689 c 0.40977,0.504336 0.37825,0.535857 -0.0946,0.126084 -0.53586,-0.409773 -0.69346,-0.661941 -0.4413,-0.661941 0.0631,0 0.31521,0.252168 0.53586,0.535857 z"
       id="path33592" />
    <path
       d="m 34.092588,79.273758 c 0.220647,0.09456 0.504336,0.06304 0.598899,-0.03152 0.126084,-0.09456 -0.06304,-0.189126 -0.409773,-0.157605 -0.346731,0 -0.441294,0.09456 -0.189126,0.189125 z"
       id="path33594" />

</g></svg>