<?xml version="1.0" encoding="UTF-8" standalone="no"?>
<!-- Created with Inkscape (http://www.inkscape.org/) -->

<svg
   class="scaling-svg"
   viewBox="-18 -10 400 200"
   preserveAspectRatio="xMidYMin slice"
   width="100%" 
   version="1.1"
   id="svg5"
   >
  <g
     dark 
     transform="scale(2.4)"
     stroke-width="0.3" 
     font-family="Noto Sans JP" 
     font-size="4px"
     >
    <path
       d="m 82.981659,45.104992 c -0.567378,0.378252 -1.386924,1.197799 -1.796697,1.796698 -0.63042,0.914108 -0.724983,1.386923 -0.63042,2.931451 0.157605,2.174948 0.851067,3.246662 2.805369,4.255334 2.52168,1.323882 5.642259,0.31521 6.871578,-2.269512 0.819546,-1.670612 0.819546,-2.773846 0.03152,-4.412938 -1.323882,-2.742327 -4.948797,-3.877083 -7.28135,-2.301033 z m 4.980318,0.535857 c 1.513008,0.91411 2.111907,2.048865 2.111907,3.971645 0.03152,1.702134 -0.693462,3.215141 -1.733655,3.530351 -0.378252,0.157605 -0.378252,0.06304 0.03152,-0.441294 0.441294,-0.567378 0.441294,-0.567378 -0.06304,-0.157605 -0.31521,0.220647 -0.472815,0.535857 -0.378252,0.693462 0.283689,0.472815 -1.513008,0.977151 -2.805369,0.819546 -0.661941,-0.09456 -1.544529,-0.409773 -1.985823,-0.693462 -2.679285,-1.733655 -2.679285,-6.115072 -0.03152,-7.722643 1.323882,-0.819546 3.530352,-0.819546 4.854234,0 z"
       id="path33580-5"
       style="fill:#000000;stroke:#000000;stroke-width:0;stroke-miterlimit:4;stroke-dasharray:none"
       clip-path="url(#clipPath4083)" />
    <path
       d="m 91.051035,20.739259 c -0.09456,0.157605 -0.03152,0.31521 0.126084,0.31521 0.189126,0 0.346731,-0.157605 0.346731,-0.31521 0,-0.189125 -0.06304,-0.315209 -0.126084,-0.315209 -0.09456,0 -0.252168,0.126084 -0.346731,0.315209 z"
       id="path33504-2"
       style="fill:#000000;stroke:#000000;stroke-width:0;stroke-miterlimit:4;stroke-dasharray:none" />
    <path
       d="m 53.162793,21.180553 c -3.530352,0.851067 -6.556368,2.994495 -8.258502,5.862906 -4.349898,7.24983 -10.969308,26.824369 -12.356232,36.532838 -0.914109,6.493328 0.504336,11.725815 3.814041,14.184453 1.544529,1.134756 1.449966,0.567378 -0.157605,-0.94563 -0.788025,-0.756504 -1.386924,-1.513008 -1.292361,-1.733655 0.09456,-0.220647 -0.126084,-0.63042 -0.441294,-0.914109 -0.504336,-0.472815 -0.693462,-1.008672 -1.197798,-3.467311 -0.472815,-2.427118 -0.06304,-8.163941 0.882588,-12.293193 0.724983,-3.278184 2.301033,-8.8574 2.584722,-9.235651 0.189126,-0.189126 0.252168,-0.378252 0.157605,-0.378252 -0.31521,0 3.246663,-10.212804 4.665108,-13.396425 0.220647,-0.535857 0.94563,-2.237991 1.607571,-3.78252 0.661941,-1.57605 1.449966,-3.215142 1.796697,-3.687957 0.977151,-1.292361 4.444461,-2.994494 8.416107,-4.066209 1.513008,-0.409773 1.544529,-0.409773 4.885755,-0.756504 1.229319,-0.126084 2.269512,-0.283689 2.332554,-0.346731 0.378252,-0.346731 -3.971646,-0.03152 -6.430284,0.472815 -2.364075,0.504336 -3.877083,1.071714 -8.163939,3.120579 -0.157605,0.09456 0.09456,-0.346731 0.567378,-0.97715 1.670613,-2.206471 4.980318,-3.751 9.015006,-4.286857 1.765176,-0.220647 1.859739,-0.283689 0.63042,-0.283689 -0.788025,0 -2.143428,0.157605 -3.057537,0.378252 z"
       id="path33506-2"
       style="fill:#000000;stroke:#000000;stroke-width:0;stroke-miterlimit:4;stroke-dasharray:none" />
    <path
       d="m 60.00285,21.684889 c 0.882588,0.724983 1.418445,0.914109 2.679285,0.94563 0.882588,0 6.840057,0.03152 13.301862,0.03152 l 11.725812,0.03152 1.103235,-0.882588 c 0.598899,-0.504336 1.040193,-0.94563 0.94563,-1.040193 -0.06304,-0.06304 -0.535857,0.252168 -1.008672,0.693462 l -0.882588,0.851067 H 74.470989 61.043043 L 60.31806,21.527284 c -0.409773,-0.441294 -0.882588,-0.788025 -1.071714,-0.788025 -0.189126,0 0.157605,0.409773 0.756504,0.94563 z"
       id="path33508-7"
       style="fill:#000000;stroke:#000000;stroke-width:0;stroke-miterlimit:4;stroke-dasharray:none" />
    <path
       d="m 94.644429,21.275116 c 3.120579,0.598899 5.516171,1.765176 7.186791,3.498831 0.7565,0.788026 1.32388,1.449966 1.29236,1.481487 -0.063,0.06304 -1.22932,-0.441293 -2.61624,-1.134755 -1.386929,-0.661942 -3.498836,-1.449967 -4.696634,-1.702135 -2.490159,-0.567378 -7.407435,-1.008672 -7.029183,-0.63042 0.126084,0.157605 0.819546,0.31521 1.57605,0.346731 2.616243,0.189126 4.034688,0.378252 4.223814,0.567378 0.126084,0.09456 0.504336,0.189126 0.851067,0.189126 1.040193,0.03152 4.129251,1.134757 6.178116,2.237991 2.42712,1.292361 3.1521,2.458638 5.95747,9.487822 6.74549,16.895253 9.89759,31.016662 8.1009,36.375235 -0.28369,0.851067 -0.53586,1.670613 -0.56738,1.859739 -0.12609,0.724983 -3.37275,4.255335 -3.90861,4.255335 -0.25216,0 -0.44129,0.126084 -0.44129,0.31521 0,0.535857 0.47282,0.346731 1.85974,-0.63042 1.70213,-1.229319 2.96297,-3.278184 3.65643,-5.831385 1.07172,-3.877085 0.22065,-10.906269 -2.36407,-19.858234 -2.49016,-8.510668 -7.43896,-21.52884 -9.01501,-23.70379 -0.40977,-0.535857 -0.7565,-1.134756 -0.7565,-1.323882 0,-0.788025 -3.34123,-3.877083 -5.137923,-4.72815 -1.954302,-0.914109 -4.696629,-1.639092 -5.98899,-1.57605 -0.378252,0 0.346731,0.220647 1.639092,0.504336 z"
       id="path33510-3"
       style="fill:#000000;stroke:#000000;stroke-width:0;stroke-miterlimit:4;stroke-dasharray:none"
       clip-path="url(#clipPath4093)" />
    <path
       id="path33512-7"
       style="fill:#000000;stroke:none;stroke-width:0;stroke-miterlimit:4;stroke-dasharray:none"
       d="m 74.502427,25.183481 c -1.702133,0 -1.733698,2.4e-5 -0.851109,0.472839 0.756505,0.409773 0.945719,0.409773 1.733743,0 0.851067,-0.472815 0.819502,-0.472839 -0.882634,-0.472839 z m -2.072224,0.76636 c -0.177671,0.0042 -0.332373,0.17047 -0.575676,0.526067 -0.788024,1.103234 -0.661926,2.963172 0.252183,3.877282 2.080384,2.080386 5.547981,0.850966 5.547981,-1.985926 0,-0.724982 -0.220675,-1.513107 -0.535884,-1.922878 -0.504338,-0.567379 -0.630478,-0.59891 -1.134816,-0.189137 -0.567378,0.409773 -0.567365,0.4729 0.220659,1.639175 0.441294,0.661943 0.819587,1.45006 0.819587,1.796791 0,0.441294 -0.283752,0.252127 -1.260904,-0.788067 l -1.260906,-1.386993 -1.260904,1.386993 c -0.977151,1.040194 -1.260906,1.229361 -1.260906,0.788067 0,-0.346731 0.378296,-1.166371 0.819589,-1.796791 0.441294,-0.66194 0.756539,-1.229383 0.693497,-1.292426 -0.03152,-0.03152 -0.31524,-0.22067 -0.630452,-0.441317 -0.179276,-0.140859 -0.311483,-0.21369 -0.433048,-0.21084 z m 1.973524,2.693894 c -0.05074,0.02833 -0.09974,0.05938 -0.146762,0.09302 0.05166,-0.04116 0.101309,-0.07312 0.146762,-0.09302 z" />
    <path
       d="m 50.294382,30.416207 c -1.386924,0.252168 -3.435789,2.616242 -4.003167,4.570544 -0.283689,1.008673 -0.409773,2.111907 -0.31521,2.490159 0.126084,0.378252 0.252168,0.882588 0.283689,1.134756 0.126084,0.788025 2.427117,3.246664 3.656436,3.877083 1.544529,0.788025 4.160772,0.882588 5.705301,0.189126 1.229319,-0.504336 3.435789,-2.83689 3.435789,-3.561873 0,-0.252168 0.126084,-0.378252 0.283689,-0.283689 0.157605,0.126084 0.220647,-0.09456 0.126084,-0.472815 -0.157605,-0.535857 -0.252168,-0.441294 -0.724983,0.598899 -0.693462,1.513008 -2.332554,3.089058 -3.750999,3.561873 -0.567378,0.189126 -1.796697,0.283689 -2.742327,0.220647 -5.074881,-0.441294 -7.281351,-6.430283 -3.78252,-10.275846 1.008672,-1.134756 2.364075,-1.765175 4.286856,-1.985822 l 1.733655,-0.189126 H 52.75302 c -0.94563,0 -2.048865,0.06304 -2.458638,0.126084 z"
       id="path33518-9"
       style="fill:#000000;stroke:#000000;stroke-width:0;stroke-miterlimit:4;stroke-dasharray:none" />
    <path
       d="m 56.598582,31.740088 c 0.567378,0.504336 1.103235,0.882588 1.166277,0.819546 0.157605,-0.157605 -1.57605,-1.733654 -1.922781,-1.733654 -0.126084,0 0.189126,0.409773 0.756504,0.914108 z"
       id="path33520-0"
       style="fill:#000000;stroke:#000000;stroke-width:0;stroke-miterlimit:4;stroke-dasharray:none" />
    <path
       d="m 50.042214,32.654197 c -4.192293,3.057538 -2.269512,9.204133 2.868411,9.204133 3.877083,0 6.3042,-3.845563 4.602066,-7.312873 -0.94563,-1.89126 -1.985823,-2.584722 -4.286856,-2.710806 -1.702134,-0.09456 -2.017344,-0.03152 -3.183621,0.819546 z m 4.917276,0.126084 c 1.57605,0.819546 2.52168,2.332554 2.52168,4.09773 0,0.914109 -0.252168,1.386924 -1.166277,2.332554 -0.661941,0.661941 -0.851067,0.914109 -0.378252,0.567378 0.472815,-0.378252 0.409773,-0.220647 -0.252168,0.409773 -0.882588,0.91411 -1.26084,1.040194 -2.647764,1.040194 -1.985823,0 -3.46731,-0.819547 -4.192293,-2.332555 -1.481487,-3.120578 0.535857,-6.650931 3.561873,-6.3042 0.882588,0.09456 1.008672,0.06304 0.504336,-0.157605 -0.63042,-0.31521 -0.63042,-0.31521 0,-0.31521 0.378252,-0.03152 1.292361,0.283689 2.048865,0.661941 z"
       id="path33522-2"
       style="fill:#000000;stroke:#000000;stroke-width:0;stroke-miterlimit:4;stroke-dasharray:none" />
    <path
       d="m 51.80739,33.568306 c -1.702134,0.63042 -2.553201,2.647765 -1.733655,4.09773 0.472815,0.819546 0.472815,0.819546 0.252168,0.09456 -0.378252,-1.29236 -0.189126,-2.206469 0.535857,-2.994495 1.292361,-1.355403 2.994495,-1.292361 4.41294,0.220647 l 0.693462,0.724984 -0.346731,-0.693463 C 54.991011,33.78895 53.131272,33.095488 51.80739,33.568303 Z"
       id="path33528-3"
       style="fill:#000000;stroke:#000000;stroke-width:0;stroke-miterlimit:4;stroke-dasharray:none" />
    <path
       d="m 55.495347,38.580145 c -0.31521,0.409773 -0.914109,0.851067 -1.323882,0.94563 -0.441294,0.09456 -0.788025,0.31521 -0.788025,0.472815 0,0.157605 0.378252,0.09456 0.882588,-0.157605 0.914109,-0.472815 2.143428,-1.670613 1.922781,-1.89126 -0.06304,-0.06304 -0.378252,0.220647 -0.693462,0.63042 z"
       id="path33530-9"
       style="fill:#000000;stroke:#000000;stroke-width:0;stroke-miterlimit:4;stroke-dasharray:none" />
    <path
       d="m 51.334575,39.809464 c 0.535857,0.252168 1.166277,0.441294 1.418445,0.441294 0.252168,0 -0.03152,-0.220647 -0.63042,-0.441294 -1.449966,-0.567378 -2.017344,-0.535857 -0.788025,0 z"
       id="path33532-9"
       style="fill:#000000;stroke:#000000;stroke-width:0;stroke-miterlimit:4;stroke-dasharray:none" />
    <path
       d="m 58.363758,33.505264 c 0.157605,0.346731 0.378252,0.851067 0.472815,1.103235 0.157605,0.409773 0.189126,0.409773 0.189126,-0.03152 0.03152,-0.252168 -0.189126,-0.756504 -0.472815,-1.103235 -0.472815,-0.598899 -0.472815,-0.598899 -0.189126,0.03152 z"
       id="path33536-7"
       style="fill:#000000;stroke:#000000;stroke-width:0;stroke-miterlimit:4;stroke-dasharray:none" />
    <path
       d="m 67.284201,36.247592 c 0.03152,0.504335 0.09456,0.567377 0.189126,0.189126 0.06304,-0.283689 0.441294,-0.598899 0.819546,-0.661941 0.567378,-0.126084 0.535857,-0.157605 -0.157605,-0.189126 -0.724983,-0.03152 -0.882588,0.09456 -0.851067,0.661941 z"
       id="path33550-0"
       style="fill:#000000;stroke:#000000;stroke-width:0;stroke-miterlimit:4;stroke-dasharray:none" />
    <path
       d="m 68.040705,36.49976 c -0.283689,0.472814 0.126084,0.945629 0.819546,0.945629 0.378252,0 0.598899,-0.220647 0.598899,-0.63042 0,-0.66194 -1.040193,-0.914108 -1.418445,-0.315209 z m 1.103235,0.315209 c 0,0.157605 -0.220647,0.31521 -0.472815,0.31521 -0.252168,0 -0.472815,-0.157605 -0.472815,-0.31521 0,-0.189126 0.220647,-0.315209 0.472815,-0.315209 0.252168,0 0.472815,0.126083 0.472815,0.315209 z"
       id="path33552-3"
       style="fill:#000000;stroke:#000000;stroke-width:0;stroke-miterlimit:4;stroke-dasharray:none" />
    <path
       d="m 79.86108,36.18455 c 0,0.157605 0.346731,0.31521 0.756504,0.31521 0.441294,0 0.882588,-0.157605 0.977151,-0.31521 0.126084,-0.189126 -0.220647,-0.31521 -0.756504,-0.31521 -0.535857,0 -0.977151,0.126084 -0.977151,0.31521 z"
       id="path33556-9"
       style="fill:#000000;stroke:#000000;stroke-width:0;stroke-miterlimit:4;stroke-dasharray:none" />
    <path
       d="m 80.113248,37.035616 c 0.378252,0.06304 0.94563,0.06304 1.26084,0 0.283689,-0.09456 -0.03152,-0.157605 -0.724983,-0.126084 -0.693462,0 -0.94563,0.06304 -0.535857,0.126084 z"
       id="path33558-8"
       style="fill:#000000;stroke:#000000;stroke-width:0;stroke-miterlimit:4;stroke-dasharray:none" />
    <path
       d="m 82.855575,43.560463 c -2.080386,0.94563 -3.940125,3.877083 -3.940125,6.241157 0,0.504336 0.220647,1.386923 0.441294,1.985822 0.252168,0.598899 0.378252,1.103235 0.283689,1.103235 -0.472815,0 2.395596,2.458638 3.309705,2.83689 1.859739,0.724983 6.367242,0.220647 6.367242,-0.756504 0,-0.157605 0.09456,-0.220647 0.189126,-0.126084 0.189126,0.220647 1.386924,-0.851067 1.418445,-1.26084 0,-0.126084 0.283689,-0.504336 0.63042,-0.882588 0.977151,-1.040193 1.134756,-3.498829 0.31521,-5.358568 -0.693462,-1.544529 -2.080386,-3.278184 -2.647764,-3.278184 -0.189126,0 0.157605,0.441294 0.693462,0.977151 3.561873,3.372747 1.954302,9.078046 -2.931453,10.401928 -2.994495,0.819546 -6.713973,-1.481487 -7.375914,-4.570545 -0.724983,-3.435787 1.103235,-6.36724 4.665108,-7.470475 0.63042,-0.189126 0.661941,-0.220647 0.157605,-0.252168 -0.346731,0 -1.040193,0.189126 -1.57605,0.409773 z"
       id="path33570-6"
       style="fill:#000000;stroke:#000000;stroke-width:0;stroke-miterlimit:4;stroke-dasharray:none"
       clip-path="url(#clipPath4103)" />
    <path
       d="m 87.173952,43.434379 c 0.441294,0.126084 1.008672,0.346731 1.26084,0.472815 0.220647,0.09456 0.126084,-0.03152 -0.189126,-0.283689 -0.346731,-0.283689 -0.914109,-0.504336 -1.26084,-0.472815 -0.535857,0.03152 -0.504336,0.06304 0.189126,0.283689 z"
       id="path33572-5"
       style="fill:#000000;stroke:#000000;stroke-width:0;stroke-miterlimit:4;stroke-dasharray:none" />
    <path
       d="m 83.738163,46.838648 c -1.040193,0.819545 -1.449966,2.143427 -1.040193,3.404266 0.189126,0.598899 0.472815,1.134756 0.63042,1.229318 0.157605,0.09456 0.09456,-0.31521 -0.157605,-0.945629 -0.409773,-0.94563 -0.409773,-1.229319 -0.03152,-2.174948 0.819546,-1.92278 2.868411,-2.364074 4.665108,-0.94563 l 1.040193,0.819546 -1.040193,-0.977151 c -1.197798,-1.134755 -2.931453,-1.323882 -4.06621,-0.409772 z"
       id="path33586-6"
       style="fill:#000000;stroke:#000000;stroke-width:0;stroke-miterlimit:4;stroke-dasharray:none" />
    <path
       d="m 88.025019,51.37767 c -0.598899,0.724982 -1.197798,1.040192 -2.20647,1.197797 l -1.386924,0.220647 1.355403,0.06304 c 1.134756,0.03152 1.544529,-0.126084 2.301033,-0.882588 0.504336,-0.504336 0.914109,-1.071714 0.914109,-1.260839 0,-0.472815 -0.03152,-0.441294 -0.977151,0.661941 z"
       id="path33590-2"
       style="fill:#000000;stroke:#000000;stroke-width:0;stroke-miterlimit:4;stroke-dasharray:none"
       clip-path="url(#clipPath4113)" />
    <path
       d="m 58.710489,62.031768 c -0.788025,0.126084 -1.922781,0.504336 -2.52168,0.788025 -1.639092,0.882588 -12.829047,12.324714 -15.035517,15.445293 l -0.756504,1.040193 -2.679285,-0.189126 c -2.017344,-0.126084 -2.647764,-0.06304 -2.490159,0.189126 0.31521,0.504336 8.258502,0.504336 8.573712,0.03152 0.157605,-0.283689 -0.189126,-0.31521 -1.229319,-0.220647 l -1.449966,0.157605 1.103235,-1.449966 c 1.607571,-2.080386 7.754166,-8.888924 7.911771,-8.731319 0.220647,0.220647 -3.908604,5.390093 -5.831385,7.312874 -1.166277,1.166277 -1.449966,1.544529 -0.788025,1.103235 0.567378,-0.378252 1.796697,-1.57605 2.742327,-2.647764 2.080386,-2.364075 6.272679,-7.78569 6.020511,-7.78569 -0.504336,0 3.309705,-3.026016 4.539024,-3.593394 1.418445,-0.630419 1.828218,-0.66194 17.683281,-0.66194 h 16.233315 l 1.733655,0.882588 c 1.57605,0.788025 5.232486,3.687957 4.633587,3.687957 -0.31521,0 3.940123,5.610741 5.925943,7.817211 0.81955,0.914109 1.7967,1.828218 2.17495,2.017344 0.66194,0.346731 -0.53585,-1.103235 -2.5532,-3.120579 -1.13475,-1.134756 -3.656433,-4.507505 -3.498828,-4.696631 0.220647,-0.189126 6.146598,6.430286 8.447628,9.456302 0.44129,0.567378 0.44129,0.567378 -0.1576,0.283689 -0.34674,-0.189126 -1.26084,-0.441294 -2.04887,-0.535857 -0.78803,-0.09456 -1.9543,-0.252168 -2.64776,-0.378252 -0.97715,-0.189126 -1.1978,-0.126084 -1.07172,0.220647 0.25217,0.724983 3.87708,1.197798 8.92044,1.197798 2.61625,-0.03152 4.44447,-0.157605 4.09774,-0.283689 -0.34674,-0.126084 -1.73366,-0.189126 -3.08906,-0.126084 -2.08039,0.09456 -2.61625,0.03152 -3.24667,-0.472815 -0.40977,-0.31521 -0.66194,-0.661941 -0.56737,-0.724983 0.063,-0.09456 -0.81955,-1.134756 -1.98583,-2.332554 -1.16627,-1.197798 -2.08038,-2.301033 -2.04886,-2.427117 0.0315,-0.157605 -0.063,-0.189126 -0.25217,-0.06304 -0.15761,0.09456 -0.31521,0 -0.31521,-0.220647 0,-0.220647 -2.11191,-2.521681 -4.696629,-5.074883 -3.246663,-3.215145 -5.137923,-4.854237 -6.209637,-5.327052 -1.544529,-0.724983 -1.702134,-0.724983 -16.832214,-0.788025 -8.416107,-0.03152 -15.949626,0.06304 -16.737651,0.220647 z m -7.281351,5.95747 c -0.409773,0.535857 -0.851067,0.94563 -1.008672,0.94563 -0.189126,0.03152 0.09456,-0.409773 0.598899,-0.914109 1.166277,-1.197799 1.355403,-1.22932 0.409773,-0.03152 z m 46.871727,0.346731 c 0.504336,0.504336 0.756504,0.94563 0.598899,0.94563 -0.189126,0 -0.63042,-0.441294 -1.008672,-0.94563 -0.409773,-0.535857 -0.661941,-0.945631 -0.598899,-0.945631 0.06304,0 0.504336,0.409774 1.008672,0.945631 z m 7.754165,7.785689 c 0.40977,0.504336 0.37825,0.535857 -0.0946,0.126084 -0.53586,-0.409773 -0.69346,-0.661941 -0.4413,-0.661941 0.0631,0 0.31521,0.252168 0.53586,0.535857 z"
       id="path33592-7"
       style="fill:#000000;stroke:#000000;stroke-width:0;stroke-miterlimit:4;stroke-dasharray:none" />
    <path
       d="m 94.265647,29.316266 c -0.964341,0.979177 -1.097865,1.973189 -0.415408,3.293594 1.33524,2.56663 5.326127,1.706141 5.326127,-1.142373 0,-2.700153 -3.026546,-4.020558 -4.910719,-2.151221 z m 1.661633,0.919833 c 0.103852,0.326392 0.29672,0.59344 0.44508,0.59344 0.14836,0 0.341228,-0.267048 0.445081,-0.59344 0.103852,-0.326393 0.385736,-0.593441 0.637948,-0.593441 0.385736,0 0.356064,0.178032 -0.163196,1.053357 -0.341228,0.578604 -0.623113,1.379749 -0.623113,1.780321 0,0.400572 -0.133524,0.726965 -0.29672,0.726965 -0.163196,0 -0.29672,-0.370901 -0.311556,-0.815981 0,-0.44508 -0.192868,-1.157209 -0.430244,-1.557781 -0.504425,-0.875325 -0.548933,-1.186881 -0.163196,-1.186881 0.14836,0 0.356064,0.267048 0.459916,0.593441 z"
       id="path1025"
       style="fill:#000000;stroke:none;stroke-width:0;stroke-miterlimit:4;stroke-dasharray:none" />
    <path
       d="m 88.761487,34.523705 c -1.542945,1.083029 -1.513273,3.709003 0.04451,4.732688 1.913845,1.261061 4.599163,-0.118688 4.599163,-2.34409 0,-2.210565 -2.818842,-3.664494 -4.643671,-2.388598 z m 1.424257,1.246225 c 0.489588,0.445081 0.548932,0.445081 0.726965,0 0.103852,-0.267048 0.385736,-0.489588 0.637948,-0.489588 0.385736,0 0.3709,0.08902 -0.07418,0.59344 -0.51926,0.578605 -0.51926,0.667621 -0.05934,1.631961 0.534096,1.112701 0.163196,1.468765 -0.415408,0.385737 L 90.6605,37.238695 90.096732,37.935988 c -0.726965,0.89016 -1.068193,0.563768 -0.430244,-0.415408 0.459916,-0.697293 0.459916,-0.815981 0,-1.498438 -0.548933,-0.845652 -0.281885,-0.979176 0.51926,-0.252212 z"
       id="path1029"
       style="fill:#000000;stroke:none;stroke-width:0;stroke-miterlimit:4;stroke-dasharray:none" />
    <path
       d="m 67.887221,34.894606 c -1.528109,0.563768 -1.973189,2.418269 -0.875325,3.590314 1.498437,1.617125 4.109575,-0.237376 3.249087,-2.299581 -0.267049,-0.637949 -1.498437,-1.617125 -1.869338,-1.468765 -0.02967,0 -0.252212,0.08902 -0.504424,0.178032 z m 1.765485,0.96434 c 0.504425,0.934669 0.356064,1.75065 -0.385736,2.240238 -1.453929,0.949505 -3.115562,-0.652785 -2.284746,-2.19573 0.445081,-0.845652 2.240238,-0.875324 2.670482,-0.04451 z"
       id="path1033"
       style="fill:#000000;stroke:none;stroke-width:0;stroke-miterlimit:4;stroke-dasharray:none" />
    <path
       d="m 80.126929,34.909442 c -1.468765,0.252212 -1.988025,2.121549 -0.949504,3.441954 1.216552,1.542945 3.545806,0.504424 3.545806,-1.587453 0,-1.216553 -1.201717,-2.077041 -2.596302,-1.854501 z m 1.89901,1.246225 c 0.415408,0.830816 0.118688,1.602289 -0.815981,2.106713 -1.350077,0.726965 -2.78917,-1.528109 -1.676469,-2.64081 0.608276,-0.608276 2.091877,-0.29672 2.49245,0.534097 z"
       id="path1037"
       style="fill:#000000;stroke:none;stroke-width:0;stroke-miterlimit:4;stroke-dasharray:none" />
    <path
       id="path22019"
       style="fill:#000000;stroke:#000000;stroke-width:0;stroke-miterlimit:4;stroke-dasharray:none"
       d="m 96.323817,40.115597 c -0.67299,0 -1.07698,0.08943 -1.37608,0.268889 -1.136591,0.747754 -1.704031,1.930965 -1.539531,3.142325 0.10474,0.777664 0.463,1.330517 1.315461,2.003496 0.56829,0.433697 0.73281,0.492967 1.55534,0.492967 0.79261,0 1.03101,-0.05932 1.58435,-0.448151 1.15154,-0.807574 1.82488,-2.661688 1.24164,-3.424397 -0.11972,-0.164507 -0.22408,-0.404046 -0.22408,-0.553597 0,-0.134594 -0.3598,-0.523337 -0.7935,-0.867303 -0.74774,-0.568293 -0.86629,-0.614229 -1.7636,-0.614229 z m -0.0738,1.637066 c 0.22621,-0.01682 0.4712,0.203345 0.68806,0.666954 0.1645,0.373877 0.29788,0.731894 0.29788,0.80667 0,0.07478 0.10446,0.224839 0.22408,0.329523 0.11972,0.104685 0.22406,0.343363 0.22406,0.53778 0,0.478562 -0.44854,0.48035 -0.86728,-0.01323 -0.17947,-0.209371 -0.44887,-0.374338 -0.59842,-0.374338 -0.14955,0 -0.35842,0.164967 -0.44814,0.374338 -0.17948,0.388832 -0.6729,0.507357 -0.86732,0.208257 -0.0898,-0.149559 0.32927,-1.151808 0.55359,-1.33127 0.0598,-0.04485 0.14843,-0.23878 0.20827,-0.44815 0.14954,-0.48604 0.35903,-0.73976 0.58522,-0.756584 z" />
    <path
       id="path22021"
       style="fill:#000000;stroke:#000000;stroke-width:0;stroke-miterlimit:4;stroke-dasharray:none"
       d="m 101.83966,34.214186 c -0.15604,3.16e-4 -0.31479,0.0133 -0.47461,0.03711 -0.58326,0.08974 -1.33109,0.522662 -1.615232,0.941406 -1.19641,1.794606 -1.03316,3.170112 0.537112,4.351562 0.74775,0.568293 0.91503,0.628907 1.67773,0.628907 0.92721,0 1.43329,-0.238689 2.21094,-1.076172 0.58326,-0.628114 0.82209,-1.42167 0.6875,-2.289063 -0.2304,-1.531492 -1.51528,-2.596793 -3.02344,-2.59375 z m -0.24414,1.746094 c 0.13281,-0.004 0.28633,-0.0014 0.44336,0.0098 0.73279,0.04487 0.7481,0.04688 0.79297,0.570312 0.0149,0.284147 0.1174,0.672102 0.20703,0.851563 0.35892,0.717843 -0.70231,1.433809 -1.59961,1.089843 -0.35891,-0.134594 -0.37304,-0.208334 -0.37304,-1.240234 0,-0.613157 0.0456,-1.151119 0.10546,-1.210937 0.0374,-0.03739 0.20241,-0.0636 0.42383,-0.07031 z m 0.26758,0.476562 c -0.004,2.19e-4 -0.006,0.0016 -0.01,0.002 -0.0992,0.0108 -0.16406,0.07844 -0.16406,0.183594 0,0.149541 0.13493,0.240235 0.31446,0.240235 0.35892,0 0.31525,-0.345149 -0.0586,-0.419922 -0.0285,-0.0057 -0.0568,-0.0074 -0.082,-0.0059 z m 0.11523,1.023438 c -0.17954,0 -0.31445,0.09069 -0.31445,0.240234 0,0.105164 0.0649,0.172794 0.16406,0.183594 0.0278,0.003 0.0592,6.41e-4 0.0918,-0.0059 0.37384,-0.07477 0.41751,-0.417969 0.0586,-0.417969 z" />
    <path
       d="m 72.674292,40.156195 c -0.819546,0.567379 -0.882588,1.449967 -0.189126,2.174949 0.378252,0.378252 0.977151,0.472815 2.269512,0.409773 1.639092,-0.09456 1.796697,-0.157605 2.111907,-1.008671 0.252168,-0.756504 0.189126,-0.977151 -0.441294,-1.481488 -0.882588,-0.724983 -2.773848,-0.788025 -3.750999,-0.09456 z m 3.530352,0.31521 c 1.103235,1.103236 0.346731,2.017344 -1.702134,2.017344 -1.449966,0 -2.20647,-0.409773 -2.20647,-1.134755 0,-0.756505 1.008672,-1.386925 2.20647,-1.386925 0.693462,0 1.418445,0.220647 1.702134,0.504336 z"
       id="path33560"
       style="stroke-width:0;stroke-miterlimit:4;stroke-dasharray:none" />
    <path
       d="m 74.1873,40.9127 c 0,0.157605 0.157605,0.31521 0.31521,0.31521 0.189126,0 0.31521,-0.157605 0.31521,-0.31521 0,-0.189126 -0.126084,-0.315211 -0.31521,-0.315211 -0.157605,0 -0.31521,0.126085 -0.31521,0.315211 z"
       id="path33562"
       style="stroke-width:0;stroke-miterlimit:4;stroke-dasharray:none" />
    <path
       d="m 73.273191,41.290952 c -0.03152,0.441294 0.220647,0.567378 1.229319,0.567378 1.008672,0 1.26084,-0.126084 1.229319,-0.567378 0,-0.31521 -0.09456,-0.378252 -0.189126,-0.157605 -0.06304,0.220647 -0.535857,0.409773 -1.040193,0.409773 -0.504336,0 -0.977151,-0.189126 -1.040193,-0.409773 -0.09456,-0.220647 -0.189126,-0.157605 -0.189126,0.157605 z"
       id="path33564"
       style="stroke-width:0;stroke-miterlimit:4;stroke-dasharray:none" />
    <g
       id="g3511"
       transform="matrix(0.43595518,0,0,0.43595518,54.290658,62.662258)">
      <path
         d="m 16.753488,-45.221499 c -9.3973318,2.592367 -15.2706637,12.597284 -12.7998138,21.832593 1.944276,7.372045 7.0479988,11.78717 15.5542038,13.366894 1.90377,0.3645522 6.804965,-0.526574 9.316321,-1.701241 6.84547,-3.199953 11.017561,-11.058067 9.8834,-18.63264 -0.972138,-6.642942 -5.994849,-12.678296 -12.111216,-14.541561 -2.956919,-0.931632 -7.250528,-1.053149 -9.842895,-0.324045 z m 8.708734,1.13416 c 3.118942,0.810115 4.9417,1.782253 7.250528,3.929057 4.496137,4.091079 6.237884,10.126435 4.779677,16.404824 -0.769609,3.321471 -5.22524,8.708735 -8.789746,10.531493 -1.093655,0.607586 -2.146804,1.296184 -2.308827,1.539218 -0.202528,0.28354 -0.324046,0.28354 -0.324046,0 0,-0.202529 0.202529,-0.607586 0.445563,-0.850621 0.243035,-0.243034 0.445564,-2.308827 0.486069,-4.820183 l 0.08101,-4.415125 h 4.253102 c 2.632874,0 4.577149,-0.202529 5.063218,-0.486069 0.648092,-0.405058 -0.121517,-0.486069 -4.293608,-0.526575 -4.334115,0 -5.184735,0.121517 -5.387264,0.648092 -0.121517,0.364552 -0.243034,2.430344 -0.243034,4.617654 0,2.754391 -0.162023,4.09108 -0.486069,4.293609 -0.810115,0.486069 -7.250528,0.688597 -8.830252,0.28354 l -1.4177,-0.364552 0.162023,-3.888551 c 0.202528,-5.630298 0.243034,-5.589792 -5.42777,-5.589792 -2.8354008,0 -4.6581598,0.162023 -4.6581598,0.405058 0,0.526574 0.202529,0.526574 5.1847348,0.405057 l 4.131585,-0.08101 v 4.455631 c 0,3.645517 0.121518,4.536643 0.688598,4.982206 0.445563,0.405057 1.944276,0.56708 5.265746,0.56708 2.511356,0 4.577149,0.121518 4.577149,0.28354 0,0.526575 -2.75439,0.810115 -5.954344,0.648092 -2.794894,-0.162024 -3.483492,-0.364552 -5.792319,-1.741748 C 5.5739042,-17.83962 2.5359736,-25.090147 5.2903642,-33.515341 7.9232372,-41.6975 16.875005,-46.396166 25.462222,-44.087339 Z"
         id="path2173-5"
         style="fill:#000000;stroke:none;stroke-width:0.0202529" />
      <path
         d="m 3.7353861,-23.429427 c 2.592367,9.397332 12.5972839,15.2706636 21.8325929,12.799814 7.372045,-1.944276 11.78717,-7.047999 13.366894,-15.554204 0.364552,-1.90377 -0.526574,-6.804965 -1.701241,-9.316321 -3.199953,-6.84547 -11.058067,-11.017561 -18.63264,-9.8834 -6.642942,0.972138 -12.6782959,5.994849 -14.5415609,12.111216 -0.931632,2.956919 -1.053149,7.250528 -0.324045,9.842895 z m 1.13416,-8.708734 c 0.810115,-3.118942 1.782253,-4.9417 3.929057,-7.250528 4.0910789,-4.496137 10.1264349,-6.237884 16.4048239,-4.779677 3.321471,0.769609 8.708735,5.22524 10.531493,8.789746 0.607586,1.093655 1.296184,2.146804 1.539218,2.308827 0.28354,0.202528 0.28354,0.324046 0,0.324046 -0.202529,0 -0.607586,-0.202529 -0.850621,-0.445563 -0.243034,-0.243035 -2.308827,-0.445564 -4.820183,-0.486069 l -4.415125,-0.08101 v -4.253102 c 0,-2.632874 -0.202529,-4.577149 -0.486069,-5.063218 -0.405058,-0.648092 -0.486069,0.121517 -0.526575,4.293608 0,4.334115 0.121517,5.184735 0.648092,5.387264 0.364552,0.121517 2.430344,0.243034 4.617654,0.243034 2.754391,0 4.09108,0.162023 4.293609,0.486069 0.486069,0.810115 0.688597,7.250528 0.28354,8.830252 l -0.364552,1.4177 -3.888551,-0.162023 c -5.630298,-0.202528 -5.589792,-0.243034 -5.589792,5.42777 0,2.835401 0.162023,4.65816 0.405058,4.65816 0.526574,0 0.526574,-0.202529 0.405057,-5.184735 l -0.08101,-4.131585 h 4.455631 c 3.645517,0 4.536643,-0.121518 4.982206,-0.688598 0.405057,-0.445563 0.56708,-1.944276 0.56708,-5.265746 0,-2.511356 0.121518,-4.577149 0.28354,-4.577149 0.526575,0 0.810115,2.75439 0.648092,5.954344 -0.162024,2.794894 -0.364552,3.483492 -1.741748,5.792319 -4.982206,8.344182 -12.232733,11.3821123 -20.657927,8.627722 C 7.2593851,-14.599176 2.5607191,-23.550944 4.8695461,-32.138161 Z"
         id="path2173-5-5"
         style="fill:#000000;stroke:none;stroke-width:0.0202529" />
      <path
         d="m 38.54556,-23.429427 c -2.592367,9.397332 -12.597284,15.2706638 -21.832593,12.799814 -7.3720452,-1.944276 -11.7871702,-7.047999 -13.3668942,-15.554204 -0.364552,-1.90377 0.526574,-6.804965 1.701241,-9.316321 3.199953,-6.84547 11.0580672,-11.017561 18.6326402,-9.8834 6.642942,0.972138 12.678296,5.994849 14.541561,12.111216 0.931632,2.956919 1.053149,7.250528 0.324045,9.842895 z m -1.13416,-8.708734 c -0.810115,-3.118942 -1.782253,-4.9417 -3.929057,-7.250528 -4.091079,-4.496137 -10.126435,-6.237884 -16.404824,-4.779677 -3.321471,0.769609 -8.7087352,5.22524 -10.5314932,8.789746 -0.607586,1.093655 -1.296184,2.146804 -1.539218,2.308827 -0.28354,0.202528 -0.28354,0.324046 0,0.324046 0.202529,0 0.607586,-0.202529 0.850621,-0.445563 0.243034,-0.243035 2.308827,-0.445564 4.8201832,-0.486069 l 4.415125,-0.08101 v -4.253102 c 0,-2.632874 0.202529,-4.577149 0.486069,-5.063218 0.405058,-0.648092 0.486069,0.121517 0.526575,4.293608 0,4.334115 -0.121517,5.184735 -0.648092,5.387264 -0.364552,0.121517 -2.430344,0.243034 -4.617654,0.243034 -2.7543912,0 -4.0910802,0.162023 -4.2936092,0.486069 -0.486069,0.810115 -0.688597,7.250528 -0.28354,8.830252 l 0.364552,1.4177 3.8885512,-0.162023 c 5.630298,-0.202528 5.589792,-0.243034 5.589792,5.42777 0,2.835401 -0.162023,4.65816 -0.405058,4.65816 -0.526574,0 -0.526574,-0.202529 -0.405057,-5.184735 l 0.08101,-4.131585 h -4.455631 c -3.6455172,0 -4.5366432,-0.121518 -4.9822062,-0.688598 -0.405057,-0.445563 -0.56708,-1.944276 -0.56708,-5.265746 0,-2.511356 -0.121518,-4.577149 -0.28354,-4.577149 -0.526575,0 -0.810115,2.75439 -0.648092,5.954344 0.162024,2.794894 0.364552,3.483492 1.741748,5.792319 4.9822062,8.344182 12.2327332,11.3821118 20.6579272,8.627722 8.182159,-2.632873 12.880825,-11.584641 10.571998,-20.171858 z"
         id="path2173-5-8"
         style="fill:#000000;stroke:none;stroke-width:0.0202529" />
      <path
         d="M 16.753488,-10.411325 C 7.356156,-13.003692 1.482824,-23.008609 3.953674,-32.243918 c 1.944276,-7.372045 7.047999,-11.78717 15.554204,-13.366894 1.90377,-0.364552 6.804965,0.526574 9.316321,1.701241 6.84547,3.199953 11.017561,11.058067 9.8834,18.63264 -0.972138,6.642942 -5.994849,12.678296 -12.111216,14.541561 -2.956919,0.9316318 -7.250528,1.0531488 -9.842895,0.324045 z m 8.708734,-1.13416 c 3.118942,-0.810115 4.9417,-1.782253 7.250528,-3.929057 4.496137,-4.091079 6.237884,-10.126435 4.779677,-16.404824 -0.769609,-3.321471 -5.22524,-8.708735 -8.789746,-10.531493 -1.093655,-0.607586 -2.146804,-1.296184 -2.308827,-1.539218 -0.202528,-0.28354 -0.324046,-0.28354 -0.324046,0 0,0.202529 0.202529,0.607586 0.445563,0.850621 0.243035,0.243034 0.445564,2.308827 0.486069,4.820183 l 0.08101,4.415125 h 4.253102 c 2.632874,0 4.577149,0.202529 5.063218,0.486069 0.648092,0.405058 -0.121517,0.486069 -4.293608,0.526575 -4.334115,0 -5.184735,-0.121517 -5.387264,-0.648092 -0.121517,-0.364552 -0.243034,-2.430344 -0.243034,-4.617654 0,-2.754391 -0.162023,-4.09108 -0.486069,-4.293609 -0.810115,-0.486069 -7.250528,-0.688597 -8.830252,-0.28354 l -1.4177,0.364552 0.162023,3.888551 c 0.202528,5.630298 0.243034,5.589792 -5.42777,5.589792 -2.835401,0 -4.65816,-0.162023 -4.65816,-0.405058 0,-0.526574 0.202529,-0.526574 5.184735,-0.405057 l 4.131585,0.08101 v -4.455631 c 0,-3.645517 0.121518,-4.536643 0.688598,-4.982206 0.445563,-0.405057 1.944276,-0.56708 5.265746,-0.56708 2.511356,0 4.577149,-0.121518 4.577149,-0.28354 0,-0.526575 -2.75439,-0.810115 -5.954344,-0.648092 -2.794894,0.162024 -3.483492,0.364552 -5.792319,1.741748 -8.344182,4.982206 -11.382112,12.232733 -8.627722,20.657927 2.632873,8.182159 11.584641,12.8808248 20.171858,10.571998 z"
         id="path2173-5-56"
         style="fill:#000000;stroke:none;stroke-width:0.0202529" />
    </g>
  </g>
</svg>
