<?xml version="1.0" encoding="UTF-8" standalone="no"?>
<!-- Created with Inkscape (http://www.inkscape.org/) -->

<svg
   class="scaling-svg"
   viewBox="-18 -10 400 200"
   preserveAspectRatio="xMidYMin slice"
   width="100%" 
   version="1.1"
   id="svg5"
   >
  <g
     dark 
     transform="scale(2.4)"
     stroke-width="0.3" 
     font-family="Noto Sans JP" 
     font-size="4px"
     >
    <path
       d="m 51.202114,21.058343 c -3.756473,0.573733 -8.26424,2.929055 -8.26424,4.287895 0,0.271768 -0.210362,0.694518 -0.450776,0.966286 -0.601036,0.694518 -3.155437,6.462038 -4.297405,9.813843 -2.253884,6.552627 -4.177197,15.219006 -5.048699,22.64733 -0.570984,4.982413 -0.480829,12.924076 0.180311,13.528005 0.300517,0.301965 0.330569,0.241572 0.150259,-0.241571 -0.120208,-0.332161 -0.270467,-2.657287 -0.300518,-5.133395 -0.150259,-10.447968 2.945074,-25.36501 7.452841,-35.782782 0.661139,-1.570214 1.502589,-3.351804 1.863211,-3.925537 0.330569,-0.573732 0.811398,-1.479625 1.051812,-1.962768 0.330569,-0.664322 1.141967,-1.268251 3.095333,-2.234537 2.52435,-1.298447 2.764764,-1.35884 5.679787,-1.449429 2.674608,-0.09059 3.095333,-0.0302 3.576161,0.483143 0.300518,0.301964 0.450777,0.664322 0.33057,0.815304 -0.120207,0.120786 -0.0601,0.120786 0.150259,0.0302 0.180311,-0.120785 0.420725,-0.0302 0.480828,0.150982 0.120207,0.271768 0.180311,0.241572 0.180311,-0.06039 0,-0.241572 -0.240414,-0.785108 -0.540932,-1.177662 -0.450777,-0.573732 -0.84145,-0.724714 -2.464246,-0.785107 -1.051812,-0.06039 -2.313987,-0.0302 -2.824867,0.0302 z"
       id="path33232" />
    <path
       id="path33234"
       transform="scale(0.26458333)"
       d="m 354.41406,79.171875 c -2.19886,-0.02318 -3.89528,0.104117 -4.71875,0.417969 -2.15805,0.913028 -5.5661,5.136838 -5.67969,6.96289 0,0.684771 1.02179,1.025978 2.38477,0.683594 1.47656,-0.456514 1.81821,-0.911781 1.13672,-1.482422 -0.90865,-0.456514 -0.56806,-1.369588 0.79492,-2.625 3.0667,-2.853207 21.2386,-2.054707 29.98438,1.369141 8.17787,3.195594 17.3789,9.244777 17.3789,11.527344 0,0.913024 0.45358,2.396414 1.02149,3.195312 0.79506,1.255407 0.45436,1.369807 -1.47657,0.228516 -1.36297,-0.684771 -2.15716,-1.712563 -1.8164,-2.283203 0.56791,-1.027155 -9.08628,-7.874861 -13.40235,-9.472657 -7.95072,-2.967337 -27.37365,-3.310238 -31.57617,-0.457031 -3.18028,2.054309 -6.70117,1.598714 -6.70117,-0.912109 0,-1.027155 -3.86164,0.342036 -11.13086,3.99414 -6.1334,2.967334 -14.19907,6.163993 -17.94726,6.962891 -9.31369,2.054309 -58.4937,2.167575 -60.87891,0.113281 -1.02223,-0.798897 -2.61253,-1.142057 -3.63477,-0.685547 -1.02223,0.456514 -1.8164,0.115316 -1.8164,-0.683593 0,-1.027155 -0.45442,-1.141555 -1.47656,-0.228516 -1.13582,1.027155 -4.54434,-0.114311 -13.63086,-4.451172 -6.58774,-3.195594 -12.72056,-5.591538 -13.51563,-5.363281 -0.79507,0.342387 0.45463,1.483719 2.83984,2.625 2.38522,1.141285 5.67879,3.309559 7.4961,5.021484 3.52102,3.309717 11.01637,7.988164 9.99414,6.16211 -0.34073,-0.570641 -2.95148,-2.509886 -5.79102,-4.335938 -2.83954,-1.826052 -4.99834,-3.424936 -4.88476,-3.539062 0.11357,-0.228246 3.40776,1.255979 7.26953,3.082031 9.2001,4.451002 24.87474,6.390363 48.61328,6.162113 28.62254,-0.34239 32.25724,-1.02691 48.72656,-9.244144 6.70131,-3.309721 8.97191,-3.993952 9.99414,-2.966797 1.02224,1.027151 1.02224,1.36914 0,1.36914 h -1.93164 c -0.34072,0 -1.47551,0.914252 -2.61133,1.941407 -1.24939,1.141285 -3.52118,3.081371 -5.11132,4.222656 -1.70373,1.141281 -3.06641,2.624672 -3.06641,3.195312 0,0.570646 1.70328,-0.343611 3.86133,-1.941406 4.99759,-3.766231 14.31145,-8.558594 16.92383,-8.558594 1.13581,0 1.8173,-0.457548 1.47656,-0.914062 -1.13582,-1.940183 16.92444,-0.456395 22.60351,1.826172 6.24698,2.510823 15.2195,7.305495 20.10352,10.615236 1.59012,1.25541 3.51998,2.16797 4.08789,2.16797 1.93089,0 8.17773,13.92422 15.56055,34.92383 5.79265,16.32025 10.79012,36.40645 14.08398,56.3789 1.36298,7.87485 2.95328,17.34705 3.63477,21.11328 0.68152,3.76623 1.47763,16.09193 1.81836,27.39063 0.45433,16.43447 0.22654,22.14176 -1.25,28.30469 -4.31607,18.60282 -11.13014,25.90625 -23.96485,25.90624 -7.83711,0 -12.04074,-2.51059 -25.44336,-15.29296 -11.6989,-11.07046 -31.68841,-27.61931 -38.73047,-32.07032 -9.08643,-5.70641 -22.83115,-9.70051 -37.9375,-10.84179 -31.00766,-2.3967 -60.87803,-0.79899 -75.98437,4.22265 -14.08411,4.67926 -27.60011,14.60799 -54.74609,40.0586 -5.5655,5.2499 -12.04066,10.61457 -14.42578,11.75586 -5.5655,2.8532 -14.9931,2.8532 -20.5586,0 -2.27163,-1.14129 -4.20312,-1.71238 -4.20312,-1.25586 0,0.45651 2.27209,1.82551 4.99804,2.96679 1.76125,0.73739 3.20696,1.49906 4.00391,2.05469 h 6.34766 c 0.18457,-0.17119 1.34751,-0.34121 3.61914,-0.68359 5.67907,-0.7989 17.83174,-6.27862 23.85156,-10.84375 4.08893,-2.85321 18.40099,-14.95078 19.65039,-16.32032 3.86177,-4.45091 18.05966,-14.83539 24.30664,-17.80273 14.53844,-6.96182 21.12612,-7.875 56.9043,-7.875 25.78301,0.11414 33.39214,0.45689 40.20703,2.05469 15.44709,3.53798 24.87443,9.12998 42.82031,25.56445 12.38039,11.2987 20.10427,17.00408 29.41797,21.45508 17.94588,8.55962 29.75843,5.70692 36.91406,-9.01563 5.22475,-10.61392 7.15639,-23.16824 6.36133,-42.34179 C 433.63161,193.94691 418.29805,133.80248 398.64844,98.308594 398.1941,97.395566 397.285,95.567912 396.60352,94.3125 394.89978,90.774526 386.04145,85.29767 377.75,82.558594 372.12771,80.675476 361.01066,79.241423 354.41406,79.171875 Z m 23.36328,9.462891 c 0.68149,0.02853 3.776,1.398055 8.7168,4.080078 3.63458,1.940182 6.24701,3.766991 5.90625,4.109375 -0.22715,0.228245 -4.20254,-1.597707 -8.85937,-4.222657 -4.71363,-2.682006 -6.44517,-3.99533 -5.76368,-3.966796 z M 283.25,239.82617 c 0.90865,0 1.70313,0.45781 1.70312,1.14258 0,0.57064 -0.79447,1.14062 -1.70312,1.14063 -0.90865,0 -1.70508,-0.56999 -1.70508,-1.14063 0,-0.68477 0.79643,-1.14258 1.70508,-1.14258 z m -11.04688,0.043 c 2.83954,0.0143 5.9348,0.35667 6.95704,0.98438 1.02223,0.68477 -0.90791,1.02734 -5.45118,1.02734 -3.74818,0 -6.92968,-0.4567 -6.92968,-1.02734 0,-0.68477 2.58438,-0.99865 5.42382,-0.98438 z m -6.86523,0.15039 c 0.55371,0.0214 0.27734,0.23481 -0.83008,0.83399 -0.90865,0.57064 -5.79147,1.25637 -10.78906,1.71289 -4.99759,0.34238 -10.22296,0.91152 -11.58594,1.2539 -1.47656,0.34239 -3.63567,0.79909 -4.77148,1.02735 -5.90624,1.36953 -14.87891,4.67961 -14.87891,5.47851 0,0.45651 -0.56686,0.91406 -1.13476,0.91406 -2.38522,0 -14.19893,8.32994 -20.21875,14.15039 -6.13341,5.93468 -8.17774,7.30559 -8.17774,5.59376 0,-0.91303 1.93181,-2.626 11.47266,-10.38672 2.95312,-2.28257 6.47491,-5.24935 7.83789,-6.39063 1.47656,-1.14128 5.79087,-3.53807 9.53906,-5.25 12.72113,-5.82054 19.08208,-7.19042 42.70703,-8.90234 0.36914,-0.0285 0.64551,-0.0423 0.83008,-0.0352 z m 24.21875,0.21485 c 3.88995,-0.0435 11.11338,0.41934 21.97461,1.41796 4.42968,0.45652 9.76773,1.37018 11.92578,2.28321 4.77043,1.71192 2.61282,1.9407 -3.86133,0.45703 -6.81489,-1.48367 -14.88042,-2.28236 -24.64843,-2.39649 -4.88401,0 -8.85938,-0.57193 -8.85938,-1.14257 0,-0.38519 1.13478,-0.59315 3.46875,-0.61914 z m 40.96875,5.40624 c 0.69746,0.0642 0.99504,0.32133 0.6543,0.57813 -0.34073,0.34239 -1.36118,0.45565 -2.15625,0.11328 -0.90865,-0.34239 -0.56962,-0.68555 0.67968,-0.68555 0.31235,-0.0285 0.58978,-0.0262 0.82227,-0.006 z m 2.8125,1.03321 c 0.68149,0 2.15881,0.79902 3.4082,1.82617 2.04447,1.5978 2.04432,1.59916 -0.68164,0.34375 -3.52103,-1.5978 -4.08954,-2.16992 -2.72656,-2.16992 z m 8.97461,6.73437 3.40625,1.71094 c 1.93089,0.91303 6.47416,4.10994 10.33594,7.19141 15.3335,12.0976 23.96518,19.4003 28.28125,23.62304 l 4.54492,4.33789 -3.86328,-2.05468 c -3.29386,-1.94019 -10.10806,-7.41839 -30.55274,-24.99414 -2.95311,-2.51082 -6.8152,-5.70579 -8.74609,-7.18946 z m -150.58203,18.29492 c 0.21296,0.0161 0.39708,0.0792 0.53906,0.19336 0.68149,0.57065 -0.22595,1.94101 -1.92969,3.31055 -1.70372,1.36954 -3.74799,3.08086 -4.54296,3.76563 -3.06671,2.96733 -10.11013,7.87448 -10.56446,7.41796 -0.22715,-0.34229 2.38688,-3.08064 6.02149,-6.1621 3.52103,-3.08147 7.1555,-6.39082 8.17773,-7.41797 0.76668,-0.77037 1.65993,-1.15548 2.29883,-1.10743 z" />
    <path
       d="m 50.30056,22.598362 c -0.661139,0.06039 -1.35233,0.301964 -1.502589,0.513339 -0.570984,0.754911 -2.915022,1.751394 -3.245592,1.419233 -0.180311,-0.181179 -0.450777,-0.332161 -0.631087,-0.332161 -0.150259,0 -0.0601,0.181179 0.240414,0.392554 0.51088,0.392554 0.51088,0.42275 -0.240414,0.905893 -1.051813,0.694518 -1.322279,0.634125 -0.450777,-0.09059 0.390673,-0.301965 0.570984,-0.573733 0.390673,-0.603929 -0.450777,0 -1.382382,1.056875 -1.111916,1.298447 0.09016,0.120786 0.03005,0.211375 -0.150259,0.211375 -0.210362,0 -0.360621,0.120786 -0.360621,0.301964 0,0.150983 0.631087,-0.09059 1.442485,-0.603928 0.781347,-0.483143 2.344039,-1.298447 3.455955,-1.841983 1.923314,-0.905893 2.19378,-0.93609 4.838337,-0.815304 3.21554,0.120786 5.108802,0.905893 7.482893,3.080037 2.434194,2.20434 3.576162,2.62709 8.264239,2.929054 4.38756,0.301965 10.277709,0.09059 10.277709,-0.392553 0,-0.150982 -0.150259,-0.181179 -0.330569,-0.06039 -0.420725,0.241571 -10.007243,0.211375 -12.080816,-0.0302 -2.253883,-0.301964 -5.619683,-2.294929 -8.654913,-5.133394 -0.270466,-0.271768 -0.691191,-0.392554 -0.931605,-0.301965 -0.270466,0.120786 -0.691191,-0.0302 -0.961657,-0.332161 -0.540932,-0.543536 -3.335747,-0.785107 -5.73989,-0.513338 z"
       id="path33236" />
    <path
       d="m 46.844606,23.474059 -0.751295,0.452946 0.901554,-0.181178 c 0.51088,-0.120786 1.02176,-0.332161 1.202071,-0.483143 0.450776,-0.452947 -0.510881,-0.301965 -1.35233,0.211375 z"
       id="path33238" />
    <path
       d="m 86.362696,25.406631 c -0.09015,0.181178 0.03005,0.211375 0.270466,0.120786 0.540932,-0.211376 0.631088,-0.422751 0.210363,-0.422751 -0.180311,0 -0.390673,0.120786 -0.480829,0.301965 z"
       id="path33240" />
    <path
       d="m 85.310884,26.01056 c -0.390673,0.241571 -0.360621,0.301964 0.09015,0.301964 0.270466,0 0.510881,-0.150982 0.510881,-0.301964 0,-0.362358 -0.03005,-0.362358 -0.601036,0 z"
       id="path33242" />
    <path
       d="m 86.152334,26.85606 c -0.390673,0.966286 -4.658026,2.325126 -6.280822,1.992965 -0.691191,-0.120786 -0.691191,-0.120786 -0.0601,0.150982 1.051813,0.483143 4.147146,-0.120786 5.649735,-1.087072 1.292226,-0.815304 1.6829,-1.298447 1.081864,-1.298447 -0.150259,0 -0.33057,0.120786 -0.390673,0.241572 z"
       id="path33244" />
    <path
       d="m 66.528522,27.520382 c 0.51088,0.120785 1.232122,0.241571 1.652847,0.241571 0.66114,0 0.66114,-0.0302 -0.150258,-0.241571 -0.480829,-0.120786 -1.232123,-0.241572 -1.652848,-0.241572 -0.66114,0 -0.66114,0.0302 0.150259,0.241572 z"
       id="path33252" />
    <path
       d="m 70.675667,27.70156 c 0.09015,0.120786 1.983418,0.271768 4.177198,0.362358 2.193779,0.06039 3.936783,0.06039 3.846627,0 -0.240414,-0.241572 -8.264239,-0.603929 -8.023825,-0.362358 z"
       id="path33254" />
    <path
       d="m 46.393829,28.728239 c -2.554401,1.026679 -5.289113,4.197305 -5.22901,6.099681 0,0.42275 0.09016,0.51334 0.180311,0.241572 1.35233,-3.98593 4.357508,-6.311056 8.204136,-6.311056 2.884971,-0.0302 5.589631,1.721197 7.122272,4.589859 0.721242,1.358839 0.721242,5.646734 0,6.371448 -0.270466,0.301965 -0.510881,0.724715 -0.510881,0.966286 0,0.634126 -1.983417,2.476109 -3.395851,3.14043 -4.297404,2.083555 -9.135741,-0.120786 -10.908796,-4.982412 l -0.330569,-0.905894 -0.150259,0.815304 c -0.09016,0.452947 -0.03005,0.754911 0.09015,0.664322 0.270466,-0.150982 0.390673,0.271768 0.300518,0.966286 -0.0601,0.573732 2.644556,3.04984 4.117094,3.774555 2.013469,0.996483 5.168906,1.117268 6.972013,0.332161 1.86321,-0.8455 3.155436,-2.083554 4.087042,-3.955734 2.073573,-4.167108 0.120207,-9.723253 -4.056991,-11.595433 -1.953365,-0.875696 -4.627974,-0.966286 -6.491184,-0.211375 z"
       id="path33256" />
    <path
       d="m 50.090198,29.845507 c 0.210362,0.09059 0.480828,0.06039 0.570984,-0.0302 0.120207,-0.09059 -0.0601,-0.181179 -0.390673,-0.150982 -0.33057,0 -0.420725,0.09059 -0.180311,0.181178 z"
       id="path33258" />
    <path
       d="m 51.65289,30.238061 c 0.240415,0.150982 0.601036,0.301965 0.751295,0.301965 0.180311,0 0.09016,-0.150983 -0.150259,-0.301965 -0.240414,-0.150982 -0.570984,-0.301964 -0.751295,-0.301964 -0.150258,0 -0.09016,0.150982 0.150259,0.301964 z"
       id="path33260" />
    <path
       d="m 47.716107,30.962776 c -1.712951,0.603929 -2.884971,1.600411 -3.54611,2.989447 -1.111916,2.325126 -0.721243,4.650252 1.141968,6.643217 2.674608,2.929055 7.663204,1.992965 9.376155,-1.751393 0.781346,-1.660805 0.721243,-3.231019 -0.180311,-4.982413 -0.781346,-1.570215 -2.794815,-3.231019 -3.516058,-2.929055 -0.270466,0.120786 -0.240414,0.181179 0.09016,0.181179 0.811398,0.0302 2.915022,2.596894 3.275644,3.925537 0.661139,2.506305 -0.751295,5.314574 -3.155437,6.220467 -1.472538,0.573732 -3.666317,0.483143 -4.207249,-0.211375 -0.180311,-0.211375 -0.721243,-0.724715 -1.202072,-1.147465 -0.661139,-0.543536 -0.781346,-0.603929 -0.450776,-0.150982 0.420725,0.573732 0.420725,0.573732 -0.09016,0.181178 -0.270466,-0.241571 -0.450776,-0.483143 -0.390673,-0.543535 0.09016,-0.09059 0,-0.51334 -0.180311,-0.966287 -1.051812,-2.657286 -0.09016,-5.193787 2.52435,-6.552627 2.103625,-1.087072 5.168906,0.271768 6.130563,2.778072 0.601036,1.570215 0.420725,2.808269 -0.661139,4.438877 -0.781346,1.207858 -1.592744,1.660804 -3.576162,2.023162 l -1.202071,0.211375 1.081864,0.06039 c 3.576162,0.120785 6.07046,-3.623573 4.748181,-7.12636 -0.360621,-1.026679 -2.043521,-2.808269 -2.584453,-2.808269 -0.240414,0 -0.480828,-0.211375 -0.570984,-0.452947 -0.210362,-0.543536 -1.382382,-0.573732 -2.854919,-0.0302 z"
       id="path33262" />
    <path
       d="m 48.196936,32.955741 c -0.09016,0.181178 0.03005,0.211375 0.270466,0.120786 0.540932,-0.211376 0.631087,-0.422751 0.210362,-0.422751 -0.18031,0 -0.390673,0.120786 -0.480828,0.301965 z"
       id="path33278" />
    <path
       d="m 46.393829,33.771045 c -1.773055,1.932572 -1.232123,4.469073 1.262175,5.76752 1.051812,0.573732 3.185488,0.120785 3.516058,-0.724715 0.120207,-0.362357 0,-0.332161 -0.781346,0.06039 -2.043521,1.056875 -4.447664,-0.362357 -4.447664,-2.62709 0,-0.724715 0.210363,-1.389036 0.540932,-1.721197 0.991709,-1.026679 1.35233,-1.570215 1.021761,-1.570215 -0.180311,0 -0.691191,0.362357 -1.111916,0.815304 z"
       id="path33282" />
    <path
       d="m 50.180353,33.438884 c 0,0.332161 0.09016,0.42275 0.180311,0.181178 0.09016,-0.211375 0.0601,-0.483143 -0.03005,-0.573732 -0.09016,-0.120786 -0.180311,0.06039 -0.150259,0.392554 z"
       id="path33284" />
    <path
       d="m 51.352373,33.740848 c 0,0.241572 0.150258,0.362358 0.300517,0.271768 0.180311,-0.120786 0.240415,-0.332161 0.150259,-0.483143 -0.270466,-0.42275 -0.450776,-0.332161 -0.450776,0.211375 z"
       id="path33286" />
    <path
       d="m 63.97412,33.861634 c 0,0.271768 0.180311,0.513339 0.390673,0.513339 0.210363,0 0.390673,-0.241571 0.390673,-0.513339 0,-0.271768 -0.18031,-0.513339 -0.390673,-0.513339 -0.210362,0 -0.390673,0.241571 -0.390673,0.513339 z"
       id="path33288" />
    <path
       d="m 82.606224,33.861634 c 0,0.332161 0.150259,0.603929 0.300518,0.603929 0.18031,0 0.300517,-0.271768 0.300517,-0.603929 0,-0.332161 -0.120207,-0.603929 -0.300517,-0.603929 -0.150259,0 -0.300518,0.271768 -0.300518,0.603929 z"
       id="path33292" />
    <path
       d="m 83.507777,33.922027 c 0,0.573732 0.0601,0.603929 0.300518,0.241571 0.390673,-0.573732 0.390673,-0.905893 0,-0.905893 -0.150259,0 -0.300518,0.301965 -0.300518,0.664322 z"
       id="path33294" />
    <path
       d="m 63.192774,33.89183 c -0.09016,0.181179 -0.0601,0.452947 0.09016,0.603929 0.150259,0.150982 0.270466,0.0302 0.270466,-0.332161 0,-0.694518 -0.0601,-0.724714 -0.360621,-0.271768 z"
       id="path33304" />
    <path
       d="m 84.319175,34.042813 c -0.270466,0.271768 0.991709,1.358839 1.322279,1.147464 0.450776,-0.271768 0.300517,-0.785107 -0.180311,-0.603928 -0.270466,0.09059 -0.450777,0 -0.450777,-0.271768 0,-0.483143 -0.360621,-0.603929 -0.691191,-0.271768 z"
       id="path33310" />
    <path
       d="m 62.231117,34.707134 c 0.120207,0.42275 0.0601,0.573733 -0.210362,0.483143 -0.210363,-0.09059 -0.480829,-0.0302 -0.570984,0.120786 -0.09016,0.181179 0.0601,0.392554 0.330569,0.483143 0.781347,0.332161 1.382382,-1.056875 0.631088,-1.509822 -0.210363,-0.150982 -0.270466,0 -0.180311,0.42275 z"
       id="path33312" />
    <path
       d="m 63.343033,35.280867 c -0.0601,0.150982 -0.180311,0.694518 -0.240414,1.026679 0,0.150982 -0.150259,0.241571 -0.300518,0.120785 -0.360622,-0.211375 -0.210363,0.785108 0.270466,1.630608 0.721243,1.389036 2.644556,1.630608 3.756472,0.483143 0.901554,-0.875697 0.961657,-1.660804 0.210363,-2.596894 -0.450777,-0.543536 -0.901554,-0.664321 -2.103625,-0.694518 -0.871501,-0.0302 -1.592744,0 -1.592744,0.0302 z m 3.305696,0.815304 c 0.601035,0.724714 0.270466,2.083554 -0.601036,2.566697 -0.661139,0.362357 -0.931605,0.362357 -1.712951,0.06039 -1.17202,-0.483143 -1.472538,-1.328644 -0.84145,-2.29493 0.390673,-0.573732 0.751294,-0.754911 1.652848,-0.754911 0.631087,0 1.322278,0.181179 1.502589,0.422751 z"
       id="path33318" />
    <path
       d="m 82.005188,35.280867 c -1.682899,0.664321 -2.013469,2.355322 -0.691191,3.412197 0.931605,0.724715 2.554402,0.664322 3.335748,-0.120785 0.570984,-0.573733 0.601035,-2.20434 0.03005,-2.747876 -0.480829,-0.51334 -2.01347,-0.815304 -2.674609,-0.543536 z m 2.344039,0.754911 c 0.631087,0.634125 0.420725,1.992965 -0.390673,2.536501 -1.712952,1.147464 -4.026939,-0.815304 -2.70466,-2.29493 0.601035,-0.694518 2.494297,-0.8455 3.095333,-0.241571 z"
       id="path33320" />
    <path
       d="m 85.941971,35.492242 c -0.300517,0.362357 -0.240414,0.392553 0.240415,0.271768 0.360621,-0.09059 0.540932,-0.271768 0.450776,-0.42275 -0.210362,-0.362358 -0.300517,-0.332161 -0.691191,0.150982 z"
       id="path33322" />
    <path
       d="m 51.98346,36.820885 c -0.180311,0.362357 -0.33057,0.93609 -0.33057,1.328643 0.03005,0.51334 0.150259,0.362358 0.450777,-0.513339 0.450777,-1.298447 0.390673,-1.78159 -0.120207,-0.815304 z"
       id="path33324" />
    <path
       d="m 58.414541,42.226048 c -2.884971,1.177661 -4.958544,3.382001 -5.860097,6.250663 -0.570984,1.751393 -0.240414,4.861627 0.691191,6.70361 2.794815,5.525948 10.067346,6.824395 14.424854,2.596893 2.584453,-2.476108 3.54611,-6.401645 2.464246,-9.75345 -0.751294,-2.264733 -3.576162,-5.073002 -5.830045,-5.797716 -1.983418,-0.634125 -4.297405,-0.634125 -5.890149,0 z m 6.701547,0.815304 c 1.502589,0.785107 3.335747,2.566697 4.05699,3.925537 0.991709,1.872179 0.931605,6.129877 -0.09016,8.122842 -1.953366,3.895341 -6.761651,5.707127 -10.878745,4.136913 -2.313987,-0.875697 -4.537818,-3.291412 -5.229009,-5.646735 -1.232123,-4.227501 0.781346,-8.636182 4.838336,-10.568754 1.292227,-0.634125 1.833159,-0.694518 3.906732,-0.603928 1.502589,0.06039 2.764763,0.301964 3.395851,0.634125 z"
       id="path33352" />
    <path
       d="m 58.083971,44.249209 c -3.846628,1.78159 -5.439372,6.311056 -3.54611,10.085611 2.344039,4.710645 8.384447,5.707127 12.050764,1.962769 3.576162,-3.714162 2.554401,-9.693057 -2.043521,-12.018183 -1.953366,-0.996483 -4.357508,-1.026679 -6.461133,-0.0302 z m 5.890149,0.211375 c 4.447664,2.023162 5.799994,7.096164 2.915023,10.900915 -2.52435,3.291412 -7.512945,3.65377 -10.63833,0.754911 -0.721243,-0.664321 -0.961657,-1.419232 -0.300518,-0.8455 0.240414,0.181179 0.540932,0.211375 0.661139,0.09059 0.150259,-0.120785 0.150259,-0.0302 0,0.211375 -0.180311,0.301965 -0.120207,0.362358 0.150259,0.181179 0.240414,-0.150982 0.33057,-0.120786 0.210362,0.06039 -0.270466,0.452946 0.510881,1.056875 1.081865,0.815304 0.270466,-0.09059 0.390673,-0.362358 0.300517,-0.603929 -0.09015,-0.241572 -0.270466,-0.362357 -0.390673,-0.271768 -0.120207,0.09059 -0.751294,-0.42275 -1.35233,-1.147465 -0.661139,-0.724714 -0.931605,-0.936089 -0.631087,-0.452946 0.570984,0.996482 0.631087,1.328643 0.09015,0.875696 -0.240414,-0.181178 -0.480828,-0.241571 -0.601036,-0.150982 -0.420724,0.42275 -0.901553,-1.389036 -0.961657,-3.623573 -0.0601,-2.898858 0.420725,-4.106715 2.283936,-5.707127 2.013469,-1.751393 4.808285,-2.174143 7.182375,-1.087072 z m -9.706725,7.12636 c -0.09016,0.301965 -0.150259,0.06039 -0.150259,-0.513339 0,-0.573733 0.0601,-0.815304 0.150259,-0.543536 0.0601,0.301964 0.0601,0.785107 0,1.056875 z m 3.54611,4.620056 c 0.09016,0.150982 0.0601,0.301964 -0.120207,0.301964 -0.150259,0 -0.390673,-0.150982 -0.480828,-0.301964 -0.09016,-0.181179 -0.0601,-0.301965 0.120207,-0.301965 0.150259,0 0.390673,0.120786 0.480828,0.301965 z"
       id="path33354" />
    <path
       d="m 59.135784,44.551174 c -1.412434,0.513339 -3.005178,1.721197 -3.636266,2.838465 -0.420725,0.724715 -0.450776,0.875697 -0.09016,0.875697 0.390673,0 0.480828,-0.120786 0.450777,-0.664322 -0.03005,-0.271768 1.322278,-1.570215 2.223831,-2.143947 l 0.871502,-0.543536 -0.210363,1.328643 c -0.240414,1.600412 -1.051812,2.415716 -2.404142,2.415716 -1.051812,0 -1.923314,0.452946 -1.592744,0.785107 0.120207,0.120786 0.360621,0.09059 0.570984,-0.120786 0.18031,-0.181178 0.69119,-0.241571 1.172019,-0.150982 1.202071,0.241572 2.374091,-0.93609 2.584453,-2.657287 0.210363,-1.509822 0.450777,-1.78159 1.803107,-1.78159 1.382382,0 1.893262,0.271768 1.893262,1.056876 0,1.932572 1.322278,3.47259 3.065282,3.47259 1.202071,0 1.472537,0.392554 1.382381,1.992965 l -0.09015,1.479626 -1.262175,0.211375 c -1.893262,0.301964 -2.434194,0.724715 -2.824867,2.143947 -0.540932,2.023162 -0.661139,2.174144 -2.073573,2.174144 h -1.262175 l -0.03005,-2.023161 c 0,-1.117269 -0.120207,-1.962769 -0.270466,-1.87218 -0.120207,0.09059 -0.33057,-0.0302 -0.420725,-0.271768 -0.0601,-0.211375 -0.33057,-0.42275 -0.601036,-0.42275 -0.330569,0 -0.270466,0.181179 0.240414,0.724715 0.480829,0.513339 0.66114,1.087072 0.66114,2.143947 0.03005,1.328643 -0.03005,1.419233 -0.721243,1.35884 -0.631088,-0.0302 -0.601036,0.0302 0.300518,0.42275 0.751294,0.332161 1.622796,0.42275 2.975126,0.301964 3.095333,-0.241571 5.349217,-2.234536 6.010356,-5.284377 0.300518,-1.509822 -0.0601,-4.287894 -0.601036,-4.287894 -0.150259,0 -0.270466,-0.181179 -0.270466,-0.42275 0,-0.241572 -0.631087,-0.996483 -1.382382,-1.660805 -2.013469,-1.78159 -4.147145,-2.264733 -6.461132,-1.419232 z m 6.972013,2.596894 c 1.232123,1.479625 1.141967,1.78159 -0.390674,1.509822 -1.53264,-0.301965 -2.344038,-1.207858 -2.344038,-2.627091 V 45.00412 l 0.931605,0.543536 c 0.51088,0.301965 1.322278,1.026679 1.803107,1.600412 z m 0.871501,6.220466 c 0,0.603929 -1.953365,2.808269 -3.065281,3.472591 -0.480829,0.271768 -0.540932,0.150982 -0.540932,-0.93609 0,-1.35884 0.631087,-2.143947 2.043521,-2.445911 1.141967,-0.271768 1.562692,-0.301965 1.562692,-0.09059 z"
       id="path33356" />
    <path
       d="m 59.526457,46.544139 c 0,0.42275 0.0601,0.573732 0.150259,0.362357 0.0601,-0.181179 0.0601,-0.543536 0,-0.754911 -0.09016,-0.181179 -0.150259,-0.0302 -0.150259,0.392554 z"
       id="path33358" />
    <path
       d="m 59.165835,47.7218 c 0,0.181179 0.120208,0.392554 0.300518,0.483143 0.180311,0.09059 0.210363,-0.0302 0.120207,-0.271768 C 59.376198,47.389639 59.165835,47.29905 59.165835,47.7218 Z"
       id="path33360" />
    <path
       d="m 55.229052,49.895944 c -0.18031,0.392553 -0.270466,1.177661 -0.150259,1.902375 0.120207,0.875697 0.09016,1.117269 -0.120207,0.785108 -0.240414,-0.392554 -0.300518,-0.392554 -0.300518,0.06039 0,0.392553 0.240415,0.543536 0.871502,0.543536 0.450777,0 1.262175,0.150982 1.773055,0.33216 0.901553,0.301965 1.111916,0.664322 1.6829,2.838466 0.09015,0.332161 0.120207,0 0.03005,-0.754911 -0.150259,-1.600412 -1.202072,-2.71768 -2.584454,-2.71768 -0.480828,0 -0.871501,-0.150982 -0.871501,-0.301964 0,-0.181179 0.09016,-0.301965 0.240414,-0.301965 0.270466,0 0.240414,-1.721197 -0.03005,-2.023161 -0.120207,-0.09059 -0.0601,-0.362357 0.120207,-0.603929 0.240415,-0.271768 0.240415,-0.392554 0.03005,-0.392554 -0.180311,0 -0.480828,0.301965 -0.691191,0.634126 z"
       id="path33362" />
    <path
       d="m 57.002107,52.492837 c 0.210363,0.09059 0.480829,0.06039 0.570984,-0.0302 0.120207,-0.09059 -0.0601,-0.181179 -0.390673,-0.150982 -0.33057,0 -0.420725,0.09059 -0.180311,0.181178 z"
       id="path33364" />
    <path
       d="m 54.958586,53.761088 c 0,0.181179 0.120207,0.392554 0.300518,0.483143 0.180311,0.09059 0.210362,-0.0302 0.120207,-0.271768 -0.210362,-0.543536 -0.420725,-0.634125 -0.420725,-0.211375 z"
       id="path33366" />
    <path
       d="m 83.658036,42.89037 c -5.980304,1.479625 -9.015534,8.726771 -5.769942,13.829969 1.833159,2.898858 3.996887,4.106716 7.272531,4.106716 3.636265,0 6.340926,-1.721197 7.963722,-5.042806 0.901553,-1.841982 0.961657,-2.083554 0.84145,-4.801234 -0.03005,-1.570214 -0.150259,-2.808268 -0.210363,-2.747876 -0.0601,0.06039 -0.51088,-0.543535 -0.991709,-1.358839 -1.712951,-3.080037 -5.709838,-4.801234 -9.105689,-3.98593 z m 4.477715,0.694518 c 1.803107,0.543536 4.447664,3.261215 5.138855,5.34477 2.163728,6.582823 -3.906732,12.984469 -10.518123,11.051897 -1.412434,-0.422751 -2.103625,-0.845501 -3.3658,-2.143948 -1.773055,-1.841982 -2.313987,-3.231019 -2.344039,-6.009091 0,-2.62709 1.472538,-5.465556 3.666318,-7.035771 2.103624,-1.479625 4.89844,-1.932572 7.422789,-1.207857 z"
       id="path33368" />
    <path
       d="m 33.681926,73.41897 c 0,0.422751 0.0601,0.573733 0.150259,0.362358 0.0601,-0.181179 0.0601,-0.543536 0,-0.754911 -0.09016,-0.181179 -0.150259,-0.0302 -0.150259,0.392553 z"
       id="path33392" />
    <path
       d="m 35.124411,76.287632 c 0,0.150982 0.150259,0.51334 0.300518,0.754911 0.150259,0.241572 0.300518,0.301965 0.300518,0.150982 0,-0.181178 -0.150259,-0.513339 -0.300518,-0.754911 -0.150259,-0.241571 -0.300518,-0.33216 -0.300518,-0.150982 z"
       id="path33394" />
    <path
       d="m 42.817667,76.589597 c -0.330569,0.241571 -0.450777,0.452946 -0.270466,0.452946 0.180311,0 0.480829,-0.211375 0.691191,-0.452946 0.480828,-0.573733 0.33057,-0.573733 -0.420725,0 z"
       id="path33396" />
    <path
       id="path33398"
       transform="scale(0.26458333)"
       d="m 392.32031,297.91016 c -0.004,0.009 -0.009,0.0181 -0.0137,0.0273 0.071,-0.003 0.15696,-0.006 0.21875,-0.008 -0.0687,-0.007 -0.13469,-0.0129 -0.20508,-0.0195 z m -0.0723,1.58789 c -0.18164,0.25009 -0.38611,0.5557 -0.59961,0.88867 0.0727,-8.7e-4 0.14552,-0.003 0.21679,-0.004 0.12694,-0.29526 0.25709,-0.58885 0.38282,-0.88476 z" />
    <path
       id="path33512-5"
       d="m 73.934181,33.442302 c -1.991814,0 -2.028751,2.8e-5 -0.995956,0.553311 0.885251,0.479511 1.106666,0.479511 2.028803,0 0.995905,-0.553283 0.95897,-0.553311 -1.032847,-0.553311 z m -2.424889,0.896784 c -0.207907,0.0049 -0.388938,0.199483 -0.673647,0.615599 -0.922135,1.290988 -0.774578,3.467463 0.2951,4.537141 2.434438,2.434441 6.492173,0.995789 6.492173,-2.323903 0,-0.848364 -0.258232,-1.770617 -0.627084,-2.250126 -0.590171,-0.66394 -0.737778,-0.700836 -1.327948,-0.221325 -0.663938,0.47951 -0.663922,0.553381 0.258213,1.918141 0.516395,0.774596 0.95907,1.696839 0.95907,2.102579 0,0.516396 -0.332044,0.295036 -1.475493,-0.922184 l -1.475495,-1.623041 -1.475493,1.623041 c -1.143448,1.21722 -1.475495,1.43858 -1.475495,0.922184 0,-0.40574 0.442677,-1.36487 0.959072,-2.102579 0.516395,-0.774593 0.885292,-1.438608 0.811521,-1.512379 -0.03688,-0.03688 -0.368891,-0.258227 -0.737746,-0.516424 -0.209787,-0.164831 -0.364493,-0.250058 -0.506748,-0.246724 z m 2.309391,3.152359 c -0.05938,0.03315 -0.116715,0.06949 -0.171738,0.108851 0.06044,-0.04817 0.11855,-0.08556 0.171738,-0.108851 z" />
    <g
       id="g33918-0"
       transform="translate(1.8460338,62.239011)">
      <path
         d="m 94.707471,-33.040827 c -0.598899,0.283689 -1.166277,0.756504 -1.229319,1.008672 -0.09456,0.283689 0.06304,0.252168 0.378252,-0.157605 0.535857,-0.63042 0.535857,-0.598899 0.189126,0.126084 -0.220647,0.409773 -0.283689,1.134756 -0.189126,1.639092 0.252168,1.229319 -0.03152,1.166277 -0.409773,-0.126084 l -0.283689,-1.008672 -0.03152,0.882588 c -0.03152,1.166277 1.765176,3.057537 2.899932,3.057537 1.103235,0 1.828218,-0.31521 1.57605,-0.724983 -0.126084,-0.189126 -0.03152,-0.220647 0.189126,-0.09456 0.94563,0.598899 1.702134,-2.20647 0.977151,-3.624915 -0.346731,-0.63042 -1.89126,-1.544529 -2.584722,-1.544529 -0.220647,0 -0.882588,0.252168 -1.481487,0.567378 z m 3.404268,0.882588 c 0.724983,0.914109 0.819546,1.733655 0.346731,2.679285 -0.756504,1.386924 -1.57605,-0.126084 -0.94563,-1.765176 l 0.31521,-0.94563 -0.63042,0.788025 c -0.346731,0.441294 -0.63042,1.166277 -0.63042,1.639092 0,0.504336 -0.126084,0.882588 -0.31521,0.882588 -0.157605,0 -0.31521,-0.31521 -0.31521,-0.724983 0,-0.378252 -0.283689,-1.166277 -0.63042,-1.733655 -0.472815,-0.788025 -0.535857,-1.008672 -0.189126,-1.008672 0.252168,0 0.567378,0.283689 0.661941,0.63042 0.220647,0.724983 0.788025,0.851067 0.788025,0.157605 0,-0.220647 0.252168,-0.598899 0.567378,-0.788025 0.472815,-0.283689 0.441294,-0.31521 -0.157605,-0.157605 -0.441294,0.126084 -0.724983,0.06304 -0.724983,-0.126084 0,-0.661941 1.229319,-0.346731 1.859739,0.472815 z m -2.994495,3.877083 c -0.06304,0.09456 -0.378252,-0.09456 -0.693462,-0.409773 -0.504336,-0.535857 -0.504336,-0.567378 0.157605,-0.157605 0.378252,0.220647 0.63042,0.472815 0.535857,0.567378 z m 1.859739,0.252168 c -0.220647,0.06304 -0.661941,0.06304 -0.94563,0 -0.31521,-0.09456 -0.126084,-0.157605 0.378252,-0.157605 0.535857,0 0.756504,0.06304 0.567378,0.157605 z"
         id="path33516-2" />
      <path
         d="m 88.340229,-27.020316 c -1.040193,1.040193 -1.134756,1.828218 -0.441294,3.183621 0.598899,1.134756 1.355403,1.57605 2.83689,1.57605 1.607571,0 2.679285,-1.134756 2.679285,-2.83689 0,-1.765176 -1.071714,-2.83689 -2.83689,-2.83689 -1.040193,0 -1.513008,0.189126 -2.237991,0.914109 z m 4.759671,2.048865 c -0.03152,0.914109 -0.03152,0.94563 -0.472815,0.378252 -0.252168,-0.346731 -0.472815,-0.882588 -0.472815,-1.197798 0,-0.724983 -0.378252,-0.724983 -0.851067,0.03152 -0.283689,0.472815 -0.252168,0.724983 0.126084,1.26084 0.661941,0.977151 0.189126,1.292361 -0.504336,0.378252 l -0.598899,-0.756504 -0.189126,0.661941 c -0.126084,0.378252 -0.441294,0.693462 -0.693462,0.693462 -0.409773,0 -0.409773,-0.126084 0.06304,-0.882588 0.472815,-0.851067 0.472815,-0.977151 -0.03152,-1.733655 -0.472815,-0.756504 -0.472815,-0.851067 -0.06304,-0.851067 0.283689,0 0.598899,0.283689 0.693462,0.661941 0.189126,0.598899 0.252168,0.598899 1.008672,-0.220647 l 0.819546,-0.882588 0.567378,0.724983 c 0.346731,0.409773 0.598899,1.166277 0.598899,1.733655 z m -4.854234,-0.882588 c -0.189126,0.598899 -0.378252,0.882588 -0.441294,0.63042 -0.09456,-0.409773 0.441294,-1.765176 0.693462,-1.765176 0.06304,0 -0.06304,0.504336 -0.252168,1.134756 z m 3.750999,2.962974 c -0.09456,0.157605 -0.378252,0.31521 -0.567378,0.31521 -0.220647,0 -0.189126,-0.126084 0.09456,-0.31521 0.598899,-0.378252 0.724983,-0.378252 0.472815,0 z"
         id="path33538-1" />
      <path
         d="m 99.687789,-26.705106 c -0.504336,0.504336 -0.914109,1.166277 -0.914109,1.449966 0,0.819546 0.882588,2.679285 1.29236,2.679285 0.25217,0 0.22065,-0.157605 -0.063,-0.567378 -0.409774,-0.472815 -0.378253,-0.504336 0.0946,-0.126084 0.31521,0.252168 0.50434,0.598899 0.47282,0.788025 -0.0315,0.252168 0.50433,0.378252 1.513,0.378252 1.10324,0 1.54453,-0.126084 1.51301,-0.409773 -0.063,-0.189126 0.0631,-0.346731 0.28369,-0.31521 0.53586,0.126084 1.00867,-1.386924 0.75651,-2.395596 -0.5989,-2.395596 -3.24667,-3.183621 -4.948801,-1.481487 z m 3.814041,0.409773 c 0.40977,0.693462 0.56738,1.323882 0.44129,1.828218 -0.22064,0.977151 -0.56737,1.197798 -1.89126,1.197798 -1.00867,0 -1.00867,0 -1.13475,-1.796697 -0.063,-0.977151 -0.0946,-1.859739 -0.0315,-2.017344 0.0946,-0.126084 0.53585,-0.220647 1.07171,-0.220647 0.69346,0 1.07171,0.252168 1.54453,1.008672 z m -4.066209,1.071714 c -0.157605,0.504336 -0.31521,0.661941 -0.31521,0.378252 -0.03152,-0.567378 0.31521,-1.607571 0.472815,-1.418445 0.06304,0.03152 -0.03152,0.504336 -0.157605,1.040193 z"
         id="path33540-0" />
      <path
         d="m 101.61057,-25.727955 c 0,0.157605 0.22065,0.31521 0.47281,0.31521 0.25217,0 0.47282,-0.157605 0.47282,-0.31521 0,-0.189126 -0.22065,-0.31521 -0.47282,-0.31521 -0.25216,0 -0.47281,0.126084 -0.47281,0.31521 z"
         id="path33542-8" />
      <path
         d="m 101.98882,-24.341031 c 0.22065,0.252168 0.47282,0.378252 0.53586,0.346731 0.1576,-0.189126 -0.31521,-0.788025 -0.63042,-0.788025 -0.15761,0 -0.12608,0.189126 0.0946,0.441294 z"
         id="path33544-7" />
      <path
         d="m 101.45297,-23.836695 c 0.0946,0.157605 0.25216,0.31521 0.34673,0.31521 0.063,0 0.12608,-0.157605 0.12608,-0.31521 0,-0.189126 -0.1576,-0.31521 -0.34673,-0.31521 -0.15761,0 -0.22065,0.126084 -0.12608,0.31521 z"
         id="path33546-9" />
      <path
         d="m 94.140093,-21.504141 c -0.693462,0.598899 -0.882588,1.008672 -0.882588,2.080386 0,1.103235 0.189126,1.481487 1.040193,2.237991 0.63042,0.567378 1.355403,0.914109 1.922781,0.914109 1.166277,0 2.742327,-1.292361 2.962974,-2.427117 0.220647,-1.103235 -0.472815,-2.773848 -1.292361,-3.215142 -1.103235,-0.598899 -2.805369,-0.409773 -3.750999,0.409773 z m 3.845562,0.346731 c 0.788025,0.756504 1.103235,2.364075 0.472815,2.364075 -0.157605,0 -0.661941,-0.724983 -1.103235,-1.57605 -0.851067,-1.702134 -0.598899,-2.048865 0.63042,-0.788025 z m -3.845562,0.31521 c -0.09456,0.283689 -0.252168,0.441294 -0.31521,0.346731 -0.09456,-0.09456 -0.06304,-0.283689 0.06304,-0.472815 0.283689,-0.504336 0.472815,-0.409773 0.252168,0.126084 z m 3.1521,1.197798 c 0.63042,1.544529 0.472815,2.395596 -0.220647,1.386924 -0.504336,-0.661941 -1.323882,-0.693462 -1.57605,-0.06304 -0.283689,0.756504 -0.882588,0.567378 -0.63042,-0.220647 0.535857,-1.702134 1.134756,-2.805369 1.449966,-2.710806 0.220647,0.09456 0.661941,0.819546 0.977151,1.607571 z m -2.584722,-0.189126 c -0.378252,0.63042 -0.441294,0.441294 -0.157605,-0.378252 0.126084,-0.283689 0.283689,-0.441294 0.346731,-0.346731 0.09456,0.06304 0,0.409773 -0.189126,0.724983 z m -1.071714,0.472815 c -0.09456,0.252168 -0.189126,0.157605 -0.189126,-0.189126 -0.03152,-0.346731 0.06304,-0.535857 0.157605,-0.409773 0.09456,0.09456 0.126084,0.378252 0.03152,0.598899 z m 3.026016,2.679285 c -0.220647,0.06304 -0.598899,0.06304 -0.788025,0 -0.220647,-0.09456 -0.06304,-0.157605 0.378252,-0.157605 0.441294,0 0.598899,0.06304 0.409773,0.157605 z"
         id="path33566-4" />
      <path
         d="m 96.094395,-20.274822 c -0.252168,0.598899 -0.06304,0.977151 0.409773,0.819546 0.157605,-0.06304 0.189126,-0.409773 0.06304,-0.756504 -0.220647,-0.598899 -0.252168,-0.598899 -0.472815,-0.06304 z"
         id="path33568-7" />
    </g>
    <path
       d="m 82.368366,45.66909 c -2.080386,0.94563 -3.940125,3.877083 -3.940125,6.241158 0,0.504336 0.220647,1.386924 0.441294,1.985823 0.252168,0.598899 0.378252,1.103235 0.283689,1.103235 -0.472815,0 2.395596,2.458638 3.309705,2.83689 1.859739,0.724983 6.367242,0.220647 6.367242,-0.756504 0,-0.157605 0.09456,-0.220647 0.189126,-0.126084 0.189126,0.220647 1.386924,-0.851067 1.418445,-1.26084 0,-0.126084 0.283689,-0.504336 0.63042,-0.882588 0.977151,-1.040193 1.134756,-3.498831 0.31521,-5.35857 -0.693462,-1.544529 -2.080386,-3.278184 -2.647764,-3.278184 -0.189126,0 0.157605,0.441294 0.693462,0.977151 3.561873,3.372747 1.954302,9.078048 -2.931453,10.40193 -2.994495,0.819546 -6.713973,-1.481487 -7.375914,-4.570545 -0.724983,-3.435789 1.103235,-6.367242 4.665108,-7.470477 0.63042,-0.189126 0.661941,-0.220647 0.157605,-0.252168 -0.346731,0 -1.040193,0.189126 -1.57605,0.409773 z"
       id="path33570-2" />
    <path
       d="m 86.686743,45.543006 c 0.441294,0.126084 1.008672,0.346731 1.26084,0.472815 0.220647,0.09456 0.126084,-0.03152 -0.189126,-0.283689 -0.346731,-0.283689 -0.914109,-0.504336 -1.26084,-0.472815 -0.535857,0.03152 -0.504336,0.06304 0.189126,0.283689 z"
       id="path33572-5" />
    <path
       d="m 82.49445,47.213619 c -0.567378,0.378252 -1.386924,1.197798 -1.796697,1.796697 -0.63042,0.914109 -0.724983,1.386924 -0.63042,2.931453 0.157605,2.174949 0.851067,3.246663 2.805369,4.255335 2.52168,1.323882 5.642259,0.31521 6.871578,-2.269512 0.819546,-1.670613 0.819546,-2.773848 0.03152,-4.41294 -1.323882,-2.742327 -4.948797,-3.877083 -7.28135,-2.301033 z m 4.980318,0.535857 c 1.513008,0.914109 2.111907,2.048865 2.111907,3.971646 0.03152,1.702134 -0.693462,3.215142 -1.733655,3.530352 -0.378252,0.157605 -0.378252,0.06304 0.03152,-0.441294 0.441294,-0.567378 0.441294,-0.567378 -0.06304,-0.157605 -0.31521,0.220647 -0.472815,0.535857 -0.378252,0.693462 0.283689,0.472815 -1.513008,0.977151 -2.805369,0.819546 -0.661941,-0.09456 -1.544529,-0.409773 -1.985823,-0.693462 -2.679285,-1.733655 -2.679285,-6.115074 -0.03152,-7.722645 1.323882,-0.819546 3.530352,-0.819546 4.854234,0 z"
       id="path33580-0" />
    <path
       d="m 82.904223,47.938602 c -0.378252,0.252168 -0.851067,0.788025 -1.040193,1.166277 -0.31521,0.661941 -0.31521,0.661941 0.252168,-0.03152 0.31521,-0.409773 1.166277,-0.914109 1.828218,-1.166277 1.040193,-0.378252 1.103235,-0.441294 0.472815,-0.472815 -0.441294,0 -1.134756,0.220647 -1.513008,0.504335 z"
       id="path33582-2" />
    <path
       d="m 85.615029,47.654913 c 0.220647,0.09456 0.504336,0.06304 0.598899,-0.03152 0.126084,-0.09456 -0.06304,-0.189126 -0.409773,-0.157605 -0.346731,0 -0.441294,0.09456 -0.189126,0.189126 z"
       id="path33584-1" />
    <path
       d="m 83.250954,48.947274 c -1.040193,0.819546 -1.449966,2.143428 -1.040193,3.404268 0.189126,0.598899 0.472815,1.134756 0.63042,1.229319 0.157605,0.09456 0.09456,-0.31521 -0.157605,-0.94563 -0.409773,-0.94563 -0.409773,-1.229319 -0.03152,-2.174949 0.819546,-1.922781 2.868411,-2.364075 4.665108,-0.94563 l 1.040193,0.819546 -1.040193,-0.977151 c -1.197798,-1.134756 -2.931453,-1.323882 -4.06621,-0.409773 z"
       id="path33586-2" />
    <path
       d="m 81.139047,50.491803 c -0.189126,0.441294 -0.157605,0.472815 0.157605,0.189126 0.220647,-0.220647 0.31521,-0.472815 0.220647,-0.567378 -0.09456,-0.09456 -0.283689,0.06304 -0.378252,0.378252 z"
       id="path33588-3" />
    <path
       d="m 87.53781,53.486298 c -0.598899,0.724983 -1.197798,1.040193 -2.20647,1.197798 l -1.386924,0.220647 1.355403,0.06304 c 1.134756,0.03152 1.544529,-0.126084 2.301033,-0.882588 0.504336,-0.504336 0.914109,-1.071714 0.914109,-1.26084 0,-0.472815 -0.03152,-0.441294 -0.977151,0.661941 z"
       id="path33590-7" />

</g></svg>